evaluations raw_y
1 0.0000000000
2 2.9400000000
3 8.3000000000
4 9.3900000000
5 16.7500000000
6 22.5100000000
8 24.9400000000
20 28.8100000000
21 38.7200000000
22 60.7300000000
32 62.9500000000
39 75.4400000000
46 82.0600000000
52 82.7500000000
57 91.5200000000
72 109.6200000000
119 121.3300000000
131 126.1100000000
179 133.4400000000
180 133.8200000000
242 150.0700000000
246 152.3300000000
248 168.8400000000
250 169.0500000000
252 169.7700000000
254 170.4800000000
259 179.1000000000
260 188.3000000000
262 191.5700000000
263 199.7600000000
265 214.0600000000
269 216.3300000000
274 221.5600000000
276 221.9000000000
279 224.6900000000
283 226.0900000000
289 230.0000000000
291 237.6700000000
303 238.9000000000
305 246.8800000000
356 259.4600000000
362 267.7000000000
407 272.7900000000
471 276.6300000000
495 281.9000000000
546 298.1800000000
613 306.6200000000
628 321.0300000000
710 322.5500000000
714 332.4900000000
733 342.9000000000
735 354.8500000000
791 355.3900000000
810 360.5900000000
819 366.1200000000
826 367.5200000000
845 371.4300000000
859 388.8400000000
871 394.7700000000
916 394.8900000000
944 397.8600000000
978 399.7000000000
1023 412.4200000000
1083 420.1300000000
1175 425.8300000000
1253 511.8800000000
1255 517.5700000000
1257 521.5400000000
1266 523.0700000000
1274 524.9200000000
1316 545.4100000000
1512 548.5800000000
1768 559.7300000000
1993 565.9000000000
2919 568.8500000000
3299 575.4100000000
3475 576.3900000000
3659 580.0800000000
5567 584.4500000000
10000 300.4000000000
evaluations raw_y
1 0.0000000000
2 10.5000000000
3 13.5700000000
4 17.4900000000
5 30.2400000000
7 31.2300000000
11 31.7100000000
19 42.0000000000
22 61.9200000000
26 68.3700000000
28 72.5500000000
32 80.3000000000
34 95.7300000000
35 110.3100000000
43 122.1200000000
119 125.7200000000
121 136.0900000000
145 138.4400000000
186 148.0700000000
238 152.2900000000
271 165.0800000000
448 166.3800000000
453 178.4100000000
749 190.8200000000
856 192.0700000000
1012 196.5000000000
1419 220.5000000000
1463 236.0000000000
1466 238.8800000000
1470 246.5700000000
1483 249.8600000000
1513 250.4400000000
1609 250.7400000000
1701 261.8800000000
2161 264.8400000000
2251 268.8600000000
2272 273.8000000000
2277 283.7700000000
2324 286.1600000000
2346 297.3200000000
2347 313.3900000000
2391 319.5500000000
2819 324.4700000000
2830 404.3200000000
2865 406.3500000000
2880 415.5900000000
2979 428.1600000000
3459 436.5600000000
4861 480.2600000000
4953 493.1600000000
4960 498.3800000000
5066 508.9200000000
5107 516.9400000000
7641 518.1000000000
7663 608.0300000000
10000 520.5300000000
evaluations raw_y
1 0.0000000000
2 17.6400000000
3 36.6700000000
15 41.2800000000
17 69.3200000000
25 71.2500000000
39 86.2100000000
44 93.2100000000
46 97.0200000000
64 103.0500000000
70 108.1000000000
75 108.8300000000
122 111.8100000000
131 111.9100000000
140 121.9700000000
248 132.5100000000
249 142.3100000000
261 157.1100000000
398 166.7500000000
707 231.3800000000
2191 266.4000000000
2201 283.8900000000
2203 308.5400000000
2207 314.9700000000
2236 319.6600000000
2309 321.0800000000
2378 323.1800000000
2384 332.5700000000
2699 333.6200000000
2720 338.6200000000
3005 345.5100000000
3117 351.5500000000
3565 354.2300000000
3940 356.3600000000
3983 363.6000000000
4026 367.2300000000
4150 367.2700000000
4295 368.8400000000
4408 372.2600000000
4493 442.0300000000
4969 466.1600000000
4971 472.8400000000
5013 478.9000000000
5015 479.1300000000
5574 481.6500000000
6235 487.3700000000
7648 488.9000000000
7660 489.7000000000
7671 512.6000000000
9480 513.1800000000
10000 425.4300000000
evaluations raw_y
1 0.0000000000
2 5.0100000000
3 13.0700000000
5 18.4100000000
8 20.0800000000
9 28.7700000000
10 58.2400000000
15 69.4400000000
18 71.5000000000
26 73.0000000000
28 88.8200000000
37 89.0900000000
38 103.5900000000
61 117.1400000000
69 117.5400000000
90 124.9700000000
97 127.1500000000
172 137.3200000000
177 138.5500000000
179 141.9700000000
182 148.4600000000
206 149.9400000000
215 162.1800000000
237 163.9100000000
240 172.5200000000
267 173.3100000000
425 191.2900000000
1580 193.1600000000
1588 193.9900000000
1613 209.5100000000
1614 236.0500000000
1830 237.5400000000
1833 237.6900000000
1981 238.9200000000
2003 240.7900000000
2102 241.4900000000
2112 242.5200000000
2126 337.7000000000
3607 345.0900000000
3939 345.4100000000
4249 357.7100000000
4260 361.1500000000
4264 367.9100000000
4278 371.9100000000
4294 372.8100000000
4299 377.1800000000
4422 390.5200000000
4468 460.3500000000
4487 468.8300000000
4924 484.5200000000
5727 505.8200000000
7251 507.7600000000
7253 510.3500000000
7278 514.1400000000
7349 515.0500000000
7358 520.9500000000
7359 522.9200000000
7369 527.0700000000
7374 537.9900000000
7491 539.2500000000
7539 540.8100000000
7590 552.5400000000
7859 553.2000000000
8313 554.9900000000
8831 558.1100000000
9066 559.6200000000
9168 559.6800000000
9175 560.5800000000
9184 560.9600000000
9192 564.7500000000
9206 569.9500000000
9255 577.3300000000
9269 584.3000000000
9612 586.9700000000
9835 590.8500000000
10000 221.6100000000
evaluations raw_y
1 0.0000000000
2 19.0400000000
3 54.6200000000
4 64.0200000000
7 74.2300000000
9 75.0200000000
12 89.8400000000
17 103.5500000000
18 106.9000000000
29 118.2000000000
51 118.6000000000
75 126.5600000000
87 135.8100000000
105 146.0500000000
451 149.5900000000
498 150.3600000000
533 166.6900000000
621 169.9200000000
632 196.3800000000
644 206.0100000000
650 208.4600000000
652 255.2900000000
704 264.0900000000
734 268.0700000000
769 269.7600000000
1013 271.1100000000
1229 293.3700000000
1264 296.1100000000
1314 305.8200000000
1361 395.5000000000
1402 407.0600000000
1409 425.0500000000
1446 431.6400000000
1551 435.0300000000
1641 440.2700000000
1643 443.4700000000
2110 449.3900000000
2229 449.9300000000
3697 450.7700000000
3835 451.0400000000
4105 544.3700000000
4283 549.2200000000
4496 556.7700000000
4823 558.9400000000
6232 571.2600000000
6266 571.7100000000
6290 577.1100000000
6293 608.1800000000
6369 618.8000000000
6525 620.5500000000
6702 624.8200000000
10000 281.4500000000
evaluations raw_y
1 0.0000000000
2 10.7000000000
4 14.6700000000
5 21.0800000000
10 26.6600000000
11 34.3500000000
16 57.4700000000
23 61.6500000000
25 69.6300000000
26 86.3500000000
32 90.9600000000
62 96.2900000000
63 108.8000000000
116 118.3900000000
191 124.3200000000
240 133.3400000000
280 143.6000000000
316 154.4000000000
371 155.0300000000
431 161.1400000000
462 164.3000000000
480 169.5400000000
481 183.7700000000
578 185.5000000000
580 186.3300000000
622 195.4900000000
741 252.1100000000
748 269.2900000000
757 274.9100000000
762 281.6500000000
819 282.7600000000
838 294.1300000000
850 295.0900000000
875 300.0200000000
881 310.0200000000
975 310.6800000000
1018 313.9500000000
1099 315.8900000000
1165 321.8900000000
1671 332.0200000000
1674 333.5300000000
1676 347.8000000000
1688 352.5000000000
1694 369.9900000000
1748 382.2100000000
1801 385.2500000000
1827 386.6100000000
1831 392.8400000000
1984 399.6500000000
2075 414.3000000000
2106 416.5700000000
2250 425.0500000000
2317 426.2100000000
2451 446.5400000000
2471 462.1900000000
2485 470.1100000000
2504 472.0100000000
2511 474.0100000000
2525 477.3900000000
2532 490.2200000000
2609 495.0700000000
2808 497.8000000000
3302 509.3900000000
5468 516.5100000000
5697 517.9600000000
5706 536.5200000000
6903 541.7400000000
6908 564.3900000000
8809 570.3500000000
9024 571.9400000000
9703 572.7900000000
10000 163.0500000000
evaluations raw_y
1 0.0000000000
2 9.9200000000
3 20.4900000000
4 36.0100000000
6 52.5400000000
11 63.2800000000
19 64.9000000000
24 70.1000000000
26 86.2300000000
53 86.7100000000
54 117.0700000000
127 123.5400000000
274 128.7400000000
369 136.3100000000
382 142.8700000000
402 214.7200000000
403 246.4600000000
411 253.7400000000
425 258.6000000000
444 268.1600000000
454 268.8100000000
545 276.3800000000
613 276.9700000000
639 283.6400000000
1322 287.7700000000
1693 293.2000000000
2417 303.4400000000
2479 322.5700000000
3857 328.5200000000
3926 328.6400000000
3932 328.8500000000
4028 331.5500000000
4052 336.0800000000
4133 455.3400000000
4333 460.0000000000
6440 463.7100000000
7202 473.0500000000
9717 476.4300000000
10000 31.7900000000
evaluations raw_y
1 0.0000000000
2 9.0700000000
3 20.6600000000
4 40.9500000000
9 45.9100000000
11 46.5500000000
14 68.9200000000
39 91.6900000000
59 152.1700000000
69 176.4900000000
82 191.9000000000
94 206.9500000000
108 217.1400000000
117 222.4400000000
181 226.3700000000
237 226.4100000000
254 230.4100000000
266 237.7300000000
322 238.6700000000
331 244.7200000000
377 261.6300000000
378 272.9200000000
391 281.5500000000
416 363.5500000000
417 366.5600000000
420 378.3200000000
435 384.1600000000
459 392.5500000000
469 401.0400000000
476 405.1800000000
487 407.4100000000
497 431.0400000000
1563 433.5800000000
1834 434.6700000000
1915 445.0800000000
2876 519.1500000000
2885 524.1300000000
2891 539.8000000000
2898 552.5500000000
2994 557.8700000000
3946 560.5400000000
4156 596.3700000000
4242 600.2900000000
4259 606.6500000000
4263 609.2900000000
4280 612.6100000000
4373 710.1900000000
4386 744.3700000000
5338 746.0100000000
5524 746.0700000000
5537 753.0200000000
7839 753.6900000000
10000 314.0400000000
evaluations raw_y
1 0.0000000000
2 9.2700000000
4 27.3100000000
5 35.8100000000
7 44.8900000000
10 66.6700000000
16 68.4100000000
17 72.9000000000
32 102.6400000000
33 116.3900000000
42 120.9400000000
55 126.5900000000
72 127.7300000000
98 146.5900000000
208 208.3600000000
217 211.8700000000
222 213.1800000000
224 217.1700000000
228 221.1200000000
229 243.2600000000
237 253.3300000000
245 256.1300000000
247 257.8100000000
266 258.8500000000
286 259.3800000000
319 262.9800000000
434 263.5800000000
456 273.8600000000
527 277.1900000000
529 292.6700000000
713 301.7600000000
1130 310.5500000000
1155 312.5400000000
1178 319.8100000000
1233 321.9800000000
1237 324.1200000000
1531 326.3200000000
1733 428.1000000000
4967 433.1200000000
4969 441.4200000000
5137 451.7200000000
5177 454.0000000000
5206 457.3500000000
5223 470.3800000000
5519 548.3200000000
5521 553.1600000000
5573 560.8600000000
5869 563.3600000000
6778 563.5500000000
6980 565.4000000000
7023 578.6600000000
7033 589.4400000000
8790 591.8400000000
8896 625.5600000000
8906 627.8800000000
8993 633.3700000000
9014 634.4200000000
9058 646.8100000000
10000 148.2900000000
evaluations raw_y
1 0.0000000000
2 6.5000000000
4 6.5200000000
5 10.1400000000
6 21.3400000000
7 29.1600000000
17 42.5500000000
18 61.8300000000
19 62.7500000000
21 64.4800000000
25 75.4300000000
53 83.4300000000
57 96.2600000000
73 97.1400000000
111 116.3000000000
135 116.5700000000
151 122.4300000000
181 126.2800000000
350 127.2300000000
384 129.0400000000
388 136.3700000000
599 138.3800000000
609 147.6900000000
632 156.5700000000
658 157.5500000000
673 159.6900000000
674 182.5800000000
997 191.7100000000
1169 196.9900000000
1205 197.4400000000
1223 209.2100000000
1233 210.6000000000
1245 212.8800000000
1282 215.4500000000
1356 218.7400000000
1525 231.8000000000
1639 232.1000000000
2201 320.3800000000
2248 329.3000000000
2249 329.7200000000
2268 331.4400000000
2385 333.8700000000
2401 336.4800000000
2496 349.5700000000
2974 354.2100000000
3121 391.8700000000
3140 417.7300000000
3175 422.8100000000
3176 439.9700000000
3177 447.1400000000
3178 455.6000000000
3200 457.9700000000
3299 459.0200000000
3306 460.2900000000
3311 462.9000000000
3367 468.2500000000
3501 470.5200000000
5066 472.1400000000
5485 473.1600000000
5503 478.4200000000
5746 504.8800000000
5748 506.0300000000
5750 511.6100000000
5751 523.7000000000
5771 529.7500000000
5781 534.4000000000
5790 537.3500000000
6279 545.0800000000
6300 546.1400000000
7261 549.1300000000
7333 550.8700000000
7349 554.6900000000
7420 558.4600000000
8754 573.5000000000
8880 574.9300000000
8960 575.2100000000
9101 577.1100000000
9528 579.8200000000
9842 582.3200000000
10000 235.3500000000
evaluations raw_y
1 0.0000000000
2 20.5600000000
5 24.3700000000
6 31.9800000000
7 33.3800000000
8 56.6000000000
20 69.4900000000
35 79.5000000000
36 81.0600000000
37 89.6800000000
38 110.5600000000
54 148.6900000000
55 173.6200000000
61 182.2300000000
64 188.1300000000
73 195.3300000000
75 213.7400000000
85 218.0700000000
114 224.9400000000
141 230.2200000000
162 277.6900000000
172 290.2300000000
179 344.3200000000
215 361.0300000000
696 373.3100000000
698 379.3600000000
2706 386.3800000000
3096 386.8000000000
3112 401.1500000000
3127 406.6400000000
3311 417.2500000000
4330 417.5000000000
4451 424.4800000000
4498 428.0800000000
4555 429.5700000000
4558 437.2800000000
4631 442.7900000000
4642 444.5700000000
4769 447.9700000000
4827 452.8700000000
4887 456.3800000000
5232 456.5800000000
5307 460.6300000000
6037 461.3300000000
6205 471.7800000000
6484 537.3600000000
10000 233.5100000000
evaluations raw_y
1 0.0000000000
2 22.1500000000
4 31.6900000000
6 41.6800000000
10 70.3900000000
21 74.2600000000
23 79.8100000000
35 100.6700000000
44 107.5300000000
51 115.4000000000
60 142.1200000000
174 144.5300000000
372 150.1200000000
381 162.3000000000
645 170.4800000000
657 174.7300000000
758 183.8500000000
826 187.3800000000
832 194.0000000000
840 209.4400000000
846 210.4200000000
861 224.6100000000
885 226.9600000000
893 230.9300000000
923 241.1200000000
946 242.5300000000
950 255.2500000000
1192 281.5100000000
1581 284.6000000000
1834 293.5400000000
2008 296.8800000000
2666 304.8800000000
2716 312.1800000000
2731 324.4900000000
2776 330.6500000000
2850 339.9800000000
3431 349.5200000000
4426 352.9800000000
4968 355.0700000000
4990 359.9800000000
5072 364.5900000000
5180 412.1000000000
5186 420.4700000000
5189 427.5000000000
5261 428.1900000000
5317 431.9000000000
5335 437.1700000000
5909 439.7700000000
6076 440.9100000000
6174 441.7300000000
6225 448.3700000000
6244 450.1000000000
6809 452.4500000000
7357 523.0100000000
7387 527.5200000000
7403 527.7200000000
7445 532.6600000000
7633 533.1300000000
7672 537.0400000000
7853 546.0600000000
10000 347.1300000000
evaluations raw_y
1 0.0000000000
2 21.2700000000
4 24.8900000000
5 27.8400000000
6 54.9100000000
7 56.8400000000
12 72.9900000000
19 79.1900000000
21 81.8700000000
25 87.9600000000
36 96.5800000000
40 101.9500000000
76 116.1900000000
102 136.3300000000
286 138.2300000000
302 149.0500000000
508 157.3500000000
707 168.6000000000
802 170.7700000000
819 175.2000000000
909 183.4200000000
1021 184.3900000000
1042 198.3600000000
1165 201.9400000000
1259 214.7600000000
1321 294.1000000000
2463 299.2000000000
4105 302.8300000000
4125 345.1700000000
4126 350.8800000000
4129 359.4600000000
4134 359.5100000000
4159 383.4200000000
4236 390.6900000000
4323 396.1700000000
4371 400.8200000000
4793 421.2600000000
5557 423.1300000000
6258 431.7000000000
6272 439.8400000000
6496 445.3000000000
7387 447.8500000000
7395 450.8800000000
7409 453.1000000000
7444 453.4400000000
7457 461.9800000000
7458 481.9500000000
7625 507.0900000000
7677 511.7000000000
7882 516.2800000000
7992 621.4400000000
10000 235.6900000000
evaluations raw_y
1 0.0000000000
2 29.6500000000
3 38.5100000000
4 42.9200000000
5 44.3400000000
6 53.9700000000
8 55.3100000000
17 60.1000000000
19 70.5500000000
20 73.2400000000
23 83.1900000000
36 87.3900000000
37 104.1600000000
82 186.9100000000
84 203.1900000000
119 219.8800000000
195 231.1900000000
205 234.5200000000
498 237.7100000000
1555 244.1500000000
1695 338.4800000000
1755 357.1300000000
2225 358.1800000000
3698 373.7800000000
4014 376.2900000000
4117 377.2500000000
5035 409.7500000000
5676 422.1900000000
5745 424.1900000000
5759 435.3600000000
5764 440.9600000000
5768 450.8800000000
5917 457.0900000000
5980 474.1300000000
6545 489.2600000000
6549 501.5400000000
6550 506.2300000000
6561 513.6600000000
6575 515.5900000000
6595 522.7500000000
6653 527.3400000000
6695 527.9700000000
6760 528.0300000000
6819 528.1000000000
6916 530.4900000000
6950 544.5600000000
6967 548.6700000000
7094 550.4200000000
7240 563.0000000000
7557 563.2900000000
7718 653.9900000000
7738 677.6700000000
7801 682.2900000000
9304 685.1100000000
10000 177.4900000000
evaluations raw_y
1 0.0000000000
2 9.5200000000
5 22.0500000000
8 40.9000000000
11 57.5100000000
14 61.1600000000
17 71.4300000000
20 94.0000000000
36 97.8200000000
42 119.6000000000
86 158.6500000000
225 203.1800000000
229 213.5700000000
237 224.8000000000
250 225.6400000000
254 227.4200000000
260 245.0500000000
293 261.6800000000
814 274.1200000000
947 291.3000000000
957 291.5900000000
1060 309.2300000000
1445 316.1000000000
1539 318.5400000000
1540 323.0400000000
1971 368.4800000000
1975 376.7000000000
1976 389.5300000000
1979 395.3700000000
1990 401.4400000000
1995 413.2000000000
2105 423.1000000000
2166 424.4000000000
2179 434.1700000000
2200 438.2400000000
2203 439.2300000000
2566 447.7100000000
2749 451.9000000000
2927 453.7700000000
2962 457.7300000000
3041 458.6000000000
3045 459.0300000000
3049 463.4600000000
3114 465.9600000000
3157 477.7400000000
3388 479.9400000000
3394 485.3700000000
3443 489.6300000000
3456 496.6900000000
3495 496.7000000000
3500 500.9600000000
3513 501.4000000000
3990 502.3600000000
5377 507.0900000000
5722 568.8800000000
5728 572.4900000000
5798 584.1600000000
5804 590.5100000000
5945 600.2600000000
6187 602.8900000000
6571 609.9900000000
6876 613.5200000000
8856 677.4100000000
10000 575.4300000000
evaluations raw_y
1 0.0000000000
2 18.0200000000
3 19.2900000000
4 46.6800000000
10 78.5900000000
17 84.8000000000
21 92.4600000000
38 93.0200000000
57 94.9100000000
78 94.9200000000
79 97.9500000000
111 110.1800000000
127 112.9200000000
152 114.6100000000
158 121.6600000000
192 122.5000000000
193 132.4800000000
209 136.7600000000
238 140.8100000000
295 143.1100000000
351 220.8600000000
599 278.3400000000
610 293.8300000000
611 300.0200000000
620 306.2800000000
623 311.7000000000
627 318.9300000000
628 321.4600000000
712 327.8900000000
717 329.0600000000
977 330.3400000000
993 331.1400000000
1137 337.2300000000
2159 343.1800000000
2202 434.0600000000
2220 444.7700000000
2242 451.3000000000
2300 458.6400000000
2346 462.4900000000
3703 468.8000000000
3974 471.5800000000
10000 5.8300000000
evaluations raw_y
1 0.0000000000
2 15.3300000000
4 45.4700000000
7 66.1900000000
18 71.8500000000
24 83.6400000000
25 87.3900000000
26 88.9900000000
28 96.2300000000
36 100.2100000000
38 105.3100000000
42 109.9800000000
72 121.3700000000
140 124.1900000000
145 142.2500000000
238 142.4900000000
324 198.3400000000
325 200.9200000000
327 209.0600000000
375 213.7100000000
382 224.5900000000
389 230.4600000000
426 233.7600000000
483 251.5500000000
1261 253.2300000000
1586 253.3400000000
2777 256.0800000000
2803 263.8900000000
2838 284.4300000000
2941 285.2200000000
2947 285.7900000000
2949 291.5000000000
3019 297.1200000000
3577 308.6500000000
3590 313.7800000000
3629 314.1800000000
3643 316.7900000000
3663 327.4500000000
3801 328.5200000000
3814 329.7900000000
3880 338.2200000000
4440 344.8800000000
6660 381.0700000000
6668 389.5700000000
6705 395.3500000000
6716 397.9800000000
6735 408.4400000000
6836 416.2600000000
6851 416.5000000000
6923 429.7700000000
7518 430.0200000000
8813 536.9600000000
9850 557.5400000000
10000 282.1600000000
evaluations raw_y
1 0.0000000000
2 21.8900000000
3 27.0400000000
5 31.0700000000
7 39.0800000000
11 50.0900000000
12 64.9200000000
18 73.0000000000
25 105.7300000000
42 106.9300000000
53 113.7700000000
77 136.7000000000
433 136.8200000000
448 145.7800000000
504 157.0200000000
521 158.8300000000
526 160.2200000000
567 180.1200000000
1349 200.0000000000
1353 207.0000000000
1357 216.7200000000
1358 222.0900000000
1366 239.8400000000
1367 240.5200000000
1368 251.1800000000
1382 257.6600000000
1444 270.8700000000
1447 271.9200000000
1448 280.0700000000
1482 280.1000000000
1486 312.3000000000
2456 316.2500000000
2726 330.7900000000
2755 333.0000000000
2784 334.1100000000
2825 470.1800000000
4035 471.0000000000
4039 481.3400000000
4052 485.2600000000
4067 487.2100000000
4091 504.6300000000
8385 611.4000000000
10000 -1.0000000000
evaluations raw_y
1 0.0000000000
2 9.7400000000
3 11.8800000000
6 19.9200000000
7 33.3500000000
9 38.3500000000
11 51.0900000000
17 54.4600000000
18 62.1400000000
19 108.2500000000
20 115.1600000000
21 126.0600000000
87 142.0100000000
149 143.7400000000
163 147.3800000000
232 155.9400000000
272 156.9200000000
308 157.3400000000
324 166.7400000000
364 172.1900000000
365 177.1700000000
443 186.8300000000
579 274.3000000000
590 280.7700000000
591 281.7700000000
593 295.0600000000
596 298.0100000000
617 299.2000000000
622 311.3400000000
686 317.4900000000
688 325.0400000000
1148 333.6600000000
1773 374.1700000000
1774 394.8300000000
1891 401.8500000000
2185 406.2100000000
2311 408.4000000000
2633 411.8600000000
3145 413.6900000000
3896 421.5700000000
5020 544.8700000000
5815 546.1600000000
5868 554.9700000000
6952 556.2300000000
7601 558.3600000000
7861 559.7800000000
8776 563.9400000000
10000 4.2700000000
evaluations raw_y
1 0.0000000000
2 9.5800000000
3 21.5100000000
10 22.5100000000
11 29.8500000000
12 40.4900000000
17 53.1200000000
25 63.5900000000
27 74.3400000000
28 80.8300000000
41 84.6000000000
51 86.6500000000
56 87.1400000000
62 94.0100000000
65 104.6600000000
67 110.5500000000
73 134.4000000000
84 196.2100000000
90 214.3900000000
94 218.9800000000
108 223.8200000000
119 230.2400000000
121 235.3400000000
195 238.1100000000
243 247.6800000000
334 257.2100000000
403 260.9300000000
439 262.9500000000
486 271.6500000000
489 279.7000000000
555 279.9900000000
576 288.7900000000
586 292.0300000000
630 293.9300000000
707 303.2900000000
774 303.3900000000
796 306.7500000000
908 308.5300000000
994 312.3900000000
1071 314.5000000000
1450 357.5500000000
1459 379.1700000000
1533 389.0800000000
1552 390.8100000000
1570 395.1900000000
1622 403.4600000000
1647 412.2300000000
1650 438.9800000000
1766 469.5500000000
1778 481.7200000000
1824 491.8800000000
1964 495.6700000000
2047 498.4400000000
2106 498.8800000000
2125 502.1200000000
2198 502.5700000000
2437 514.6700000000
2825 516.7100000000
6596 518.3000000000
6792 585.5800000000
6807 598.9200000000
6820 605.5200000000
6826 618.2000000000
7631 621.0400000000
8259 621.4000000000
9334 625.8400000000
10000 607.6200000000
evaluations raw_y
1 0.0000000000
2 5.1100000000
3 16.6200000000
6 23.6900000000
7 46.2800000000
11 56.5900000000
13 62.0300000000
15 80.2700000000
17 88.2800000000
19 107.7900000000
28 111.1700000000
51 117.3800000000
147 117.9300000000
148 127.5900000000
196 136.2700000000
226 139.5200000000
242 152.5800000000
291 155.1600000000
378 155.2200000000
410 158.1800000000
421 208.7600000000
456 217.1100000000
476 240.1800000000
783 253.8600000000
792 272.8500000000
826 275.2600000000
835 276.6000000000
898 280.3700000000
1191 280.6200000000
1218 281.1100000000
1229 298.4600000000
1335 355.1200000000
1336 364.2500000000
1350 367.9900000000
1367 376.2100000000
1421 380.0600000000
1437 385.3100000000
1532 385.4000000000
1639 389.2600000000
1655 392.0300000000
2070 392.5000000000
2075 393.6800000000
2091 395.1000000000
2229 401.2100000000
2414 411.5600000000
3297 414.3800000000
5428 420.5100000000
6257 456.1700000000
6321 458.7300000000
6327 464.5500000000
6377 468.8500000000
6385 470.2100000000
6408 476.9100000000
6559 479.9500000000
6826 480.3300000000
6985 481.5000000000
7209 481.5300000000
7769 501.5700000000
10000 210.8400000000
evaluations raw_y
1 0.0000000000
2 1.5300000000
3 17.9000000000
6 18.0300000000
7 31.7500000000
10 45.4200000000
15 62.9200000000
29 63.2600000000
32 78.3400000000
40 84.9700000000
43 105.3200000000
70 110.4700000000
100 127.6400000000
175 133.5300000000
183 143.4000000000
185 148.3700000000
201 158.5600000000
229 162.5300000000
253 164.1200000000
307 188.3900000000
404 239.5400000000
759 269.7300000000
782 284.8200000000
798 294.1000000000
823 295.5600000000
824 298.2300000000
852 322.6900000000
907 324.6500000000
936 324.7100000000
949 331.1100000000
1144 336.3800000000
1148 339.2600000000
1202 357.0100000000
1739 414.1500000000
4301 423.8900000000
4404 429.3800000000
4421 429.8700000000
4427 453.0300000000
4428 562.6400000000
4635 587.3500000000
7080 588.8700000000
7548 590.2800000000
7609 592.4400000000
7632 606.6500000000
7722 615.3100000000
7972 626.9100000000
8631 699.4700000000
8671 709.4500000000
8679 709.9400000000
8713 712.0800000000
8753 724.1800000000
8764 729.6000000000
10000 567.2600000000
evaluations raw_y
1 0.0000000000
2 13.0500000000
4 24.6300000000
6 45.6600000000
23 58.7500000000
32 72.3100000000
42 78.0700000000
51 86.9000000000
55 92.6200000000
60 102.5500000000
67 102.8900000000
69 111.9500000000
78 114.8200000000
83 115.5900000000
90 123.8300000000
143 145.1300000000
489 151.0800000000
781 175.2400000000
783 180.8500000000
784 204.4000000000
788 207.8500000000
799 208.4700000000
801 216.8800000000
806 220.9200000000
812 222.4400000000
817 226.7600000000
818 240.1900000000
835 241.7900000000
850 243.9800000000
860 250.2100000000
897 256.6900000000
914 270.6900000000
938 288.5700000000
959 303.7800000000
1236 306.6100000000
1352 320.6300000000
1355 324.3700000000
1367 340.7100000000
1383 343.5700000000
1386 347.5700000000
1413 353.5100000000
1421 354.6500000000
1422 359.8600000000
1432 360.4700000000
1481 362.9300000000
1485 364.7000000000
1596 367.3800000000
1708 370.5100000000
1736 375.3600000000
2057 383.8100000000
2070 383.8800000000
2153 384.5900000000
2335 515.6100000000
2455 528.8500000000
2790 531.8500000000
3640 531.9300000000
4941 547.6600000000
5119 555.2900000000
6055 562.7100000000
7823 568.0800000000
7967 572.9900000000
8027 586.6300000000
10000 204.7200000000
evaluations raw_y
1 0.0000000000
2 4.5800000000
3 12.9900000000
4 22.1200000000
6 25.2500000000
10 30.6700000000
13 37.2900000000
15 41.8200000000
16 46.9100000000
17 48.5200000000
26 56.9200000000
31 91.8100000000
35 92.4100000000
38 113.6500000000
74 141.5800000000
80 143.6400000000
87 157.2600000000
125 159.1300000000
186 168.5700000000
575 172.9100000000
580 174.6300000000
597 176.4500000000
598 181.5800000000
610 188.2900000000
660 194.7900000000
691 198.6700000000
747 198.6900000000
893 201.8000000000
1267 224.6400000000
1269 236.9600000000
1280 242.0600000000
1302 245.2800000000
1305 248.6600000000
1332 251.9800000000
1397 258.3800000000
1426 273.6900000000
1519 281.7300000000
2276 285.3900000000
3343 292.2000000000
3596 415.3900000000
3597 448.3400000000
3729 563.1400000000
3797 565.6300000000
3889 567.6400000000
3923 580.9400000000
4021 583.8600000000
4610 588.4900000000
5618 592.4900000000
7961 640.5100000000
10000 560.5600000000
evaluations raw_y
1 0.0000000000
2 11.2000000000
3 32.8400000000
9 47.2400000000
14 48.6200000000
18 52.9600000000
22 53.3400000000
23 63.6100000000
24 80.5100000000
33 85.2300000000
37 94.0300000000
67 106.0500000000
85 106.2200000000
91 110.4500000000
95 113.9200000000
104 120.2300000000
116 123.1000000000
128 130.5700000000
162 133.7800000000
315 157.6000000000
411 158.0900000000
608 185.1600000000
916 193.7200000000
1202 199.9900000000
1968 223.7300000000
1973 232.9900000000
1975 241.9200000000
1986 247.1300000000
2009 248.8500000000
2023 261.1400000000
2054 271.3200000000
2216 276.2100000000
2599 278.8500000000
2620 282.5400000000
2650 283.1600000000
2692 293.8300000000
2781 300.2100000000
4316 371.3400000000
4339 404.4500000000
4352 413.6300000000
4542 417.8200000000
4704 424.0400000000
4909 426.1500000000
5111 427.5900000000
5448 427.8900000000
5451 439.5500000000
5453 459.7700000000
5493 473.4300000000
6330 484.4100000000
7364 508.1800000000
7374 536.5900000000
7422 542.0100000000
7424 557.2200000000
7723 560.0900000000
8161 564.0400000000
8174 565.8900000000
8370 567.2200000000
8518 569.8800000000
9023 584.2600000000
9110 587.8000000000
9140 591.0600000000
9165 604.4000000000
10000 -1.0000000000
evaluations raw_y
1 0.0000000000
2 12.7400000000
5 33.4900000000
7 33.8800000000
13 79.3700000000
25 80.8600000000
31 83.7400000000
32 90.5900000000
33 91.0800000000
39 96.4000000000
43 98.2800000000
56 98.3800000000
58 104.4200000000
64 120.3700000000
91 122.9900000000
92 133.6100000000
94 135.0400000000
95 140.2700000000
168 141.9800000000
179 148.2900000000
194 156.1900000000
500 167.8400000000
618 172.4100000000
631 175.0200000000
642 179.0200000000
646 191.4400000000
647 192.8500000000
659 200.9200000000
663 209.0700000000
679 209.9400000000
710 213.3800000000
729 223.0400000000
850 244.0400000000
935 254.4600000000
954 255.1100000000
963 257.9600000000
969 259.4700000000
1126 259.9400000000
1139 261.8300000000
1144 266.6900000000
1181 267.2700000000
1199 268.8600000000
1305 280.6400000000
1915 291.3700000000
1919 296.1200000000
1921 312.0600000000
1928 318.3000000000
1935 328.7400000000
1936 331.7800000000
1954 335.7500000000
1960 347.4400000000
1982 348.0200000000
1984 359.9400000000
2148 363.4300000000
2154 376.0900000000
2405 381.0000000000
4186 384.1600000000
5087 395.2200000000
7286 406.0400000000
7304 414.1400000000
7315 435.9300000000
8962 438.1800000000
9118 552.9000000000
9242 553.6400000000
9253 562.5200000000
9406 567.4900000000
9579 568.0100000000
9706 580.4300000000
10000 -1.0000000000
evaluations raw_y
1 0.0000000000
2 3.8200000000
3 11.3800000000
5 26.5200000000
6 36.9900000000
9 65.3900000000
20 71.9800000000
21 74.8900000000
25 78.0700000000
32 80.9200000000
34 111.5200000000
42 117.2600000000
46 130.5100000000
111 138.7600000000
169 139.1400000000
189 140.6300000000
193 147.1100000000
226 156.5300000000
308 175.1200000000
494 186.6100000000
541 186.7400000000
637 195.3200000000
738 253.1400000000
754 259.2200000000
762 277.9000000000
863 290.7500000000
2413 294.4500000000
3035 295.9700000000
4182 299.3000000000
4286 308.0300000000
4350 312.8600000000
5423 316.1000000000
5441 318.3100000000
5556 319.9900000000
5587 327.6700000000
5940 417.0700000000
5949 421.3500000000
5963 438.5700000000
6999 442.7400000000
7310 444.8500000000
7892 462.0100000000
7913 466.7700000000
7962 468.4600000000
7969 474.0900000000
8208 482.1300000000
8301 483.3100000000
8344 498.8300000000
9346 498.9900000000
9919 505.7700000000
9929 524.0800000000
10000 -1.0000000000
evaluations raw_y
1 0.0000000000
2 19.9400000000
4 34.8000000000
7 53.3600000000
8 66.2400000000
9 77.7600000000
21 84.0500000000
23 106.7400000000
78 115.2400000000
102 120.1600000000
114 124.3000000000
143 125.6900000000
167 132.8600000000
172 134.5300000000
188 141.2700000000
303 142.7200000000
305 148.8900000000
548 156.3500000000
997 162.2200000000
1037 171.5900000000
1117 173.4100000000
1230 179.1700000000
1239 182.8300000000
1281 195.0300000000
1307 206.6700000000
1773 207.1400000000
1800 209.2900000000
1801 216.9200000000
1825 220.6700000000
1832 228.8100000000
1854 233.1600000000
1860 248.0000000000
1904 284.7000000000
1909 285.0600000000
1948 287.4800000000
2135 299.1500000000
2186 374.5900000000
2394 437.3200000000
2456 441.8200000000
2488 464.7000000000
4903 541.2500000000
10000 408.1600000000
evaluations raw_y
1 0.0000000000
2 11.2400000000
3 23.7400000000
6 24.0700000000
7 29.6500000000
13 50.0700000000
18 52.5500000000
19 72.7200000000
22 74.7300000000
24 116.1700000000
76 120.2800000000
79 130.2500000000
98 136.6100000000
129 137.1300000000
158 137.6200000000
164 150.2400000000
172 156.0300000000
174 163.4700000000
175 188.5000000000
178 197.7300000000
194 221.6900000000
195 221.9900000000
199 234.4500000000
205 251.9300000000
212 262.3000000000
217 263.3000000000
235 263.5300000000
238 264.7900000000
296 266.0500000000
342 266.5000000000
345 272.0700000000
563 282.5000000000
728 288.5300000000
854 405.2400000000
869 407.9300000000
875 415.5200000000
932 420.8900000000
947 424.1800000000
990 424.5500000000
998 430.6700000000
1032 439.4100000000
1576 510.5000000000
1591 524.3500000000
1680 528.8900000000
1780 536.9500000000
2049 546.9000000000
6428 554.9700000000
6459 558.6200000000
6567 572.0800000000
10000 304.9800000000
evaluations raw_y
1 0.0000000000
2 8.8300000000
3 10.6700000000
5 13.3100000000
9 20.5100000000
10 21.3200000000
11 35.9200000000
12 40.8500000000
13 46.1300000000
20 52.7100000000
23 56.9600000000
35 69.4900000000
40 81.0500000000
41 97.3200000000
63 108.8800000000
70 116.5200000000
84 118.3100000000
85 124.9600000000
91 131.9300000000
116 135.9900000000
132 146.7300000000
139 149.9400000000
460 171.5000000000
476 184.5000000000
486 224.9100000000
880 243.4700000000
1779 243.6400000000
1807 245.1800000000
1833 245.9800000000
1945 253.2700000000
2046 256.2800000000
2101 259.1800000000
2104 263.2600000000
2105 273.0900000000
2136 279.5600000000
2247 285.0300000000
2331 352.2600000000
2333 353.5100000000
2341 389.8200000000
2613 392.6500000000
2854 399.1700000000
4855 404.8200000000
4877 408.7500000000
4881 423.3300000000
4882 427.8100000000
4887 444.6500000000
4952 447.5700000000
4955 472.0300000000
5029 475.3700000000
5071 480.3000000000
5228 481.6900000000
5676 488.3800000000
5903 491.5400000000
5917 491.8400000000
6070 498.2100000000
6229 500.6000000000
6720 548.1000000000
6728 554.7200000000
6743 571.7100000000
6748 576.3300000000
6772 577.2400000000
6781 581.0900000000
6812 585.4800000000
6849 600.6100000000
6945 602.9100000000
7070 602.9200000000
7457 605.9100000000
8470 606.8600000000
8474 609.1100000000
9427 612.8000000000
9433 616.3000000000
9457 622.8800000000
9467 625.0000000000
9468 625.8500000000
9530 626.7000000000
9680 630.2500000000
9715 632.1300000000
9788 648.0900000000
10000 624.3500000000
