evaluations raw_y
1 -2851.0000000000
2 -2347.6456905934
4 -1937.5104742845
5 -1191.3943697217
9 -927.5162543767
11 -49.9521712913
13 676.8528331573
17 1623.6856930196
20 2597.8876681570
22 2599.1505626193
29 2707.1236833525
30 3425.7515759695
39 3505.9163505725
57 4254.7735679499
63 4722.7550249207
66 5095.8055032018
80 5299.0009668883
147 5941.8562771605
179 5968.2759759778
188 6145.5979350883
229 6234.9870266513
241 6951.5852613443
293 6996.1674553505
331 7238.9433345846
425 7251.4267160067
618 7288.9141639597
643 7411.1361040721
957 7499.9508332967
960 7521.3065168026
1006 7596.0794306471
1078 7647.7244801317
1957 7784.4933875737
2292 7872.7642822827
2510 7918.6956925150
3397 7926.8507757188
3519 7982.9972592382
4134 7992.4963904476
6005 8009.3931711901
7102 8026.9313690782
8471 8035.3275219320
8740 8049.5363221796
9127 8060.5833018756
10000 3387.7033681512
evaluations raw_y
1 -2851.0000000000
2 -2309.2890086311
3 -2191.2143195337
4 -2100.3634375575
5 -1540.9633200449
6 -1221.8096205026
7 568.4671471311
8 638.8830770043
11 1019.5589269054
12 2224.1784514268
15 2945.1523205806
49 3625.0383945671
59 3755.9916822005
85 4526.9171657485
93 4649.7537242960
104 5183.3001857084
130 5508.7607520527
206 6055.1751695992
209 6352.4012144261
268 6440.9090391042
404 6519.6484888862
458 6848.0271182349
554 7030.0406135983
564 7341.0587832904
597 7363.2594012799
925 7412.8068737914
1151 7473.3802590659
1261 7644.6788652595
1527 7666.1546272028
1606 7670.5285305416
1614 7718.6886467628
2126 7725.5441183070
2612 7778.3034326631
2773 7890.9207283936
3147 7911.8558687879
3905 7942.3975303596
4026 7982.7458515976
5187 7992.1985287694
5648 8015.9408293927
5882 8023.2358653169
5944 8035.5838935231
6435 8039.9050734330
7565 8060.5749336570
9845 8060.8556193696
10000 291.9363519919
evaluations raw_y
1 -2851.0000000000
2 -2529.4416279884
3 -1834.5289944708
4 -1316.5040283582
7 7.8217899813
10 736.8739141697
11 978.7710989697
13 2509.2945480787
27 3466.8890493562
44 4180.0951832957
60 4573.1325129757
63 4747.3363925437
79 4790.9451453335
102 5514.1576427243
109 6092.2616386450
126 6185.5099442605
148 6369.5171960593
267 6507.7311719379
438 6852.1570123688
607 6933.6574410025
739 7356.2502620129
762 7372.9885708880
933 7450.8692877069
1187 7454.3701105480
1210 7505.9665685248
1447 7516.3108046483
1481 7544.7618449596
1484 7622.1346125060
1620 7678.0393782648
2032 7743.5012569096
2076 7744.2735440668
2430 7920.7800628745
2775 7928.5744206308
2938 7958.2999858200
4085 7989.0999894912
5472 8008.5963639253
8399 8011.7232466171
9108 8020.8093394628
10000 327.8984119134
evaluations raw_y
1 -2851.0000000000
2 -2781.0176579699
3 -2456.7561704431
5 -2187.3929427051
6 -1173.4206036886
7 -215.8203262881
14 718.1439508371
18 1238.3827034318
20 1674.6007206131
22 3076.3820638383
31 3365.7163248161
60 4265.7811301434
64 4830.4141849108
73 5088.0828755024
115 5406.2718783174
157 5465.9798993190
209 5538.2701621777
213 5873.2558952805
218 5940.6834019962
244 6057.8587817462
287 6746.2558923351
346 6778.6356273973
376 6949.0248665841
473 7227.4010700964
482 7351.7314168959
556 7422.3150628192
719 7571.4147643715
1045 7688.9796063200
1156 7801.6049404301
1976 7895.3766006609
2317 7912.9029926189
2384 7917.7287433732
2714 7965.6165634626
3112 7976.7923941052
4830 8010.9541158904
7430 8018.3065196181
8491 8020.8067550238
8970 8023.7894814430
9965 8048.0160382854
10000 4141.8667252183
evaluations raw_y
1 -2851.0000000000
2 -1580.9193363355
3 -1020.7570038023
5 -871.6817042710
6 -420.3494570455
9 -261.8052376791
10 142.0762382985
11 224.3542772690
17 1393.1019101064
19 1663.9367176234
31 2307.8103866544
32 2404.4750895891
54 2776.9306064550
56 2810.8301240955
61 3448.4807080703
75 4340.4281042275
101 5107.3895473237
138 5188.5171736915
159 5295.3448764405
168 5428.3559284409
187 6049.8540800937
202 6384.9857105275
305 6562.7183958731
344 6739.8344425156
418 6793.5287378008
420 6942.3806307696
435 6979.8306225733
509 7004.7600732655
575 7256.9445750142
597 7348.7570229120
881 7349.5567973049
952 7352.4279587184
954 7369.0462521746
1019 7545.8262454995
1077 7614.8546502264
1532 7666.7769905905
1855 7696.8155261725
1925 7707.1801880366
1941 7767.6422871728
2337 7768.3764668952
3002 7792.6243080504
3445 7834.8407213896
3822 7950.4782357602
4493 7956.1124725435
4642 7988.4349859951
5320 7994.8665496127
7014 8041.2985065076
8996 8058.7383362925
10000 2366.5373833348
evaluations raw_y
1 -2851.0000000000
2 -2713.2831374367
3 -2351.4317356635
4 -1446.4212252201
5 -1431.7439528149
6 -1079.8427432342
9 -856.2630381512
15 -174.7197281805
16 25.9964704254
18 386.4178470024
23 559.5774926609
30 1964.8083218530
31 3678.2740119198
54 4078.5779214701
63 4267.9036651604
94 5544.8357092244
203 5951.9280460048
224 6048.1852439323
242 6181.3193710101
265 6289.5758008178
435 6551.8811811684
481 7140.6690808659
490 7172.6914408473
500 7211.7035937389
521 7274.6567073055
906 7305.3563406107
918 7465.9882750111
987 7493.2967173204
1331 7539.8019547079
1442 7657.1774567104
1624 7671.6921562050
1633 7698.5460722890
1642 7725.1163484909
2083 7754.8293948370
2448 7769.7183061209
2629 7831.4592772209
2759 7861.9682869187
2889 7882.0741349916
3167 7942.6507576278
3714 7992.0797327272
3820 8010.2293844119
5106 8034.4548442537
9903 8043.4453252310
10000 6335.3210371815
evaluations raw_y
1 -2851.0000000000
2 -2575.4267658109
4 -2154.0442993818
6 -2052.3660179130
8 -693.0139756779
19 -78.1021949053
20 1222.9097136687
22 2492.0841087014
39 2806.3806365056
41 3083.1369592946
56 4837.7320580193
84 5054.3801315772
88 5154.2973777707
130 5769.5035424152
159 5780.2194555401
225 5949.3847826464
268 6666.0561613578
326 6951.0228910552
390 6970.7674460962
394 7016.3031350160
475 7133.9401650352
490 7151.7739390499
522 7420.7925017276
536 7451.1032121135
590 7498.1117157795
822 7599.8089036893
947 7620.2773275000
981 7667.9751413769
1071 7672.3681268810
1135 7723.5649363558
1144 7784.4685718669
1302 7833.0687330154
1528 7853.5143261405
2217 7860.4777885733
2386 7870.0772521527
3687 7937.4782708598
3740 7990.5804939093
4189 7991.8009345319
4601 8000.5686076428
5207 8011.1248352106
7069 8045.4286217245
7297 8068.2028167566
8397 8071.5295329830
8538 8072.2785358956
9913 8074.4884417394
10000 3801.0770932595
evaluations raw_y
1 -2851.0000000000
2 -2837.2617044430
3 -1972.9483913177
5 -1040.7139236531
6 -935.0568983315
7 443.0739473437
12 702.1955442481
15 1142.4448559046
19 1366.3919981191
20 1522.2384544682
23 1614.2671498407
27 1670.4914325283
29 3198.1721974601
61 3218.8029595395
62 3480.3915392809
63 4363.6457792727
67 4588.3914446673
134 4777.5338220918
136 4972.8103460213
174 5354.7938153219
180 5619.9711092880
276 5634.2215232377
303 5648.5970811232
312 6147.8577503872
352 6674.5412540622
425 7094.0560770357
486 7147.7239956085
604 7182.3763612358
641 7192.4576553922
843 7436.9850285367
1036 7521.4494008151
1200 7545.1839647425
1493 7613.7833082992
1500 7634.1326116532
1793 7892.6637271643
2146 7957.2678994430
4063 7961.9883794198
4235 8011.5296626502
4360 8021.2664922088
4527 8021.5394146344
5003 8022.6523505218
5569 8033.4332809883
8407 8050.1738941004
10000 -2395.8710938169
evaluations raw_y
1 -2851.0000000000
2 -1857.6289181620
4 -1164.6562313622
5 531.7136889921
6 1415.7391397100
8 2434.2337023940
9 3142.1337581497
23 4320.1552780681
24 5073.1912439709
26 5085.4222126149
31 5618.9674544348
39 5663.1600739838
68 5817.8509092762
70 5962.9714686520
81 6119.0471157366
140 6387.0345060694
243 7052.9890565944
441 7079.0572709629
589 7263.5147837163
715 7350.6292040740
856 7370.5848475372
905 7624.7072846581
1186 7659.0245361096
1326 7688.7084962992
1972 7783.2601231125
1978 7835.0192712606
2042 7892.5560540566
3132 7962.3170681233
3854 7968.0755655947
3873 7983.2053167736
5175 7989.2950028263
5933 7999.1129434701
5934 8005.7963972110
6320 8020.7212005630
7916 8036.7744226983
10000 4551.1228919753
evaluations raw_y
1 -2851.0000000000
2 -2544.1758071836
3 -1576.8090713241
6 -1151.9196097291
10 -817.4003849499
15 -656.4839739190
17 203.6347268524
19 591.8267715726
23 1242.7969782184
26 1521.6936136754
32 1920.7345666064
33 2313.7590982353
42 2477.8797921408
46 3380.8872627692
49 3767.8947055209
50 3848.5053059153
54 4334.4347933823
58 4626.1648559452
75 4879.2769833695
127 5068.1546441386
132 5401.4173903002
147 5531.8730483060
167 5570.9246126988
244 5718.9046893628
276 5789.4690451997
302 5978.2882235599
361 5987.6528293905
412 6107.7622938462
450 6352.2430245089
472 6449.4235433726
482 6633.7893701178
576 7118.9021493735
600 7151.4718003149
657 7241.8672738734
894 7364.0759533175
1001 7530.3885423150
1122 7603.7570684450
1609 7609.1548466388
1655 7670.5290237868
1825 7711.1822006611
2238 7786.8006448755
2383 7807.7276867920
2698 7821.8867549030
3419 7833.2751952962
3489 7910.2895372411
3626 7942.8384356821
3672 7984.1242444840
3732 7994.8960951032
5747 8033.8555123206
5976 8051.8008266510
9828 8059.7940980234
10000 4591.8410801194
evaluations raw_y
1 -2851.0000000000
2 -2655.3822511454
3 -2160.8472270876
4 -675.4912609881
5 -612.2521844061
8 266.4163471481
9 1032.0024399156
11 1051.2947017009
12 1668.6819112057
19 2322.0725879393
34 2535.3211984098
40 3254.4265867361
41 3315.5228356454
43 3535.1054670218
46 3858.4880175487
53 4245.7802031026
60 4531.1158084268
80 5283.8420370669
81 6035.5750718468
91 6143.5026945286
92 6263.1865430214
235 6438.9726331569
339 6614.6833947243
348 6720.1840529162
380 6837.6277643306
442 6878.2061028353
498 7356.2280394595
554 7411.5954567126
599 7464.9586398635
640 7616.3367711661
1044 7750.1338126007
1146 7752.6576791567
1612 7820.3918813037
1820 7868.8356118725
1942 7875.9681013203
2086 7905.1083987960
2146 7940.2140049328
2583 7949.5127834387
3102 7973.5324163954
4623 7978.0275286462
5676 7985.7041084367
6027 7994.4426049624
6911 7995.3593285159
7429 8022.9081126002
7983 8047.0337172041
10000 -2078.8122048937
evaluations raw_y
1 -2851.0000000000
2 -2267.0260094484
3 -2137.1831525014
4 -1232.7375707347
8 -1091.8800855767
9 -676.6111964012
14 -205.1412565923
18 -110.5602306014
21 568.2343123616
23 661.8168977990
29 1333.1872917288
34 1587.5170381164
36 1619.0920053179
42 1668.8727192777
45 2196.8457260196
46 2488.0898522643
49 3154.8779699011
55 3891.1673033225
57 4736.2587910746
71 4830.0296282875
112 4981.0812026080
118 5528.5253285299
139 5794.1335195411
189 6633.5736735789
260 6756.7858947830
411 7124.1701657932
460 7332.8163517538
551 7416.9907393497
690 7457.9600789682
889 7549.5926116645
1079 7623.9804846222
1130 7648.1335198431
1154 7708.5379318973
2173 7713.8425902754
2564 7714.6382269229
2764 7834.9737635135
2910 7886.6128680611
3111 7893.5542304653
3116 7918.6106637319
3315 7946.0912995032
4648 7986.1827192107
6898 8017.9576778760
8058 8029.7302925583
9195 8039.1189379606
10000 3328.6786796271
evaluations raw_y
1 -2851.0000000000
2 -2644.0183114538
3 -2305.6430724204
4 -1957.4558114684
8 -428.3523623062
17 -207.9426214700
23 776.5387771051
27 853.6888686688
30 1566.9754053076
33 1831.6041175013
36 2085.3874973970
40 2546.0179552385
45 3904.7854589922
63 4022.7339772417
67 4537.6621790574
113 4789.0941914256
148 5210.1428752731
166 5662.3946911743
180 5993.7140909970
230 6321.4949679765
327 6789.7902943680
357 7120.0071240691
465 7500.1535063816
883 7532.3212634567
926 7567.4577272915
1011 7634.8563753136
1096 7673.1711125473
1451 7702.9926083585
2249 7720.8487906356
2630 7813.1983096046
2660 7867.8734103109
2870 7909.9580787952
3540 7913.0865803595
5502 7978.6750849806
5778 7988.9629731696
6901 7994.7897463214
7308 8015.9564489141
7338 8031.2793261046
7643 8032.1749433514
9490 8035.1439937524
10000 2134.7640759275
evaluations raw_y
1 -2851.0000000000
2 -2366.8296700049
4 -1212.4700849966
5 -839.0658860341
10 65.9369676948
13 818.3903899394
16 976.8518076371
25 1752.0705055102
34 3304.1523050139
36 4024.4093113360
62 4158.9416478693
95 4728.3851388463
97 5049.9401935138
125 5705.0884076020
156 5764.0950882375
207 6280.8727146669
236 6411.8737701160
301 6728.2745881643
324 6811.2774581149
395 7160.8487189655
577 7319.0485714554
597 7413.8372009303
690 7420.9391345441
691 7539.0552007821
923 7571.4297632808
1113 7650.7916009596
1232 7679.1685347786
1383 7744.2166014930
1503 7747.2669874701
1584 7762.9953636828
2189 7872.1192495762
2567 7889.2236696196
2803 7914.8687933415
2806 7919.6950024240
3069 7940.9888231261
3126 7974.2949255115
3881 7976.0566586684
3889 8002.1715590080
4236 8004.0306406301
4268 8043.8018164789
5558 8059.8228176041
10000 -1365.9071869230
evaluations raw_y
1 -2851.0000000000
2 -2778.7798783467
3 -1939.6314563409
4 -1361.8678622609
6 361.1651978015
12 616.0029178258
16 1246.6125545243
20 1291.4281371315
25 1347.8168659114
30 1460.5665177614
31 1917.5175205115
33 2730.6462363920
44 3689.6893175125
60 3972.0780291862
64 4412.3433494209
82 4455.3900851297
87 4732.1449918124
104 5223.4933816803
159 5244.7440546489
186 5814.7489236518
190 6019.4529348941
253 6430.7101459079
357 6655.2519319023
404 6852.6630835522
426 6955.9592271299
489 7125.7760368747
528 7332.7048908220
530 7422.1114108240
590 7477.7014759474
657 7497.3992657745
873 7728.7711271746
1095 7789.2676803427
1261 7793.1914844420
1302 7858.7123952259
1497 7883.7026803123
2177 7896.2099106200
2446 7975.4276072020
3078 8009.0016029811
3213 8012.6674530713
3630 8020.1689817128
3892 8040.1601987506
6351 8050.0253750618
10000 2881.6473928553
evaluations raw_y
1 -2851.0000000000
2 -2130.0254672934
4 -1685.7966166636
7 -1195.2148249277
8 -259.1475285148
9 1971.3056252749
10 2023.1039955481
14 3366.4558083330
19 4267.8793139184
25 5047.3714447906
89 5055.4250913383
90 5144.9284612831
116 5425.0872885612
261 5898.6723903960
268 6131.5761053934
283 6223.6139342743
299 6229.0229778612
312 6792.9862157134
511 6818.8457104035
525 7012.9692305959
560 7137.7586347064
585 7195.7616763583
853 7310.2369183626
856 7396.6915495857
891 7459.3969269575
1878 7601.9350511510
1946 7604.0797763173
2093 7613.0614908816
2157 7688.7896352819
2616 7752.4252862873
2680 7799.3928753816
3075 7863.4084734066
4011 7934.0229272417
4713 7969.8107131196
4729 7974.2279286855
4822 7980.1475518841
5079 7994.3168019985
7407 8017.8254175557
9046 8034.9223594541
10000 -1185.8205895086
evaluations raw_y
1 -2851.0000000000
2 -2492.6577018568
4 -2390.4689829962
5 -1319.1185665936
8 -741.3584826578
14 64.9294741415
15 591.0357687198
21 1761.0725408856
27 2178.8647093784
29 2462.5293242054
46 3563.3553711839
80 3662.3467838673
86 4484.9149728608
131 4674.7836764926
153 4846.4346505213
163 4887.4518206306
164 5829.2236556775
167 6013.6978835476
182 6804.8656426693
433 6939.8010076483
464 7087.0908654485
466 7217.9590067880
625 7287.2986861620
632 7293.9552068533
707 7352.5375981614
715 7371.4126605880
736 7443.9703916390
755 7480.6498468712
850 7520.7944157463
1100 7524.9299611931
1125 7615.1343495437
1350 7668.3188132801
1567 7717.8711002940
1658 7788.5343300923
2967 7851.8518356894
3440 7891.7188185429
3692 7899.6433421751
3835 7925.6400521631
4792 7975.6033797962
5821 7996.6765807477
6728 8023.6846067443
6795 8026.6885921484
7823 8053.0577011226
8031 8058.0286988509
8372 8063.3457226429
8687 8064.1747712098
10000 3168.5641892292
evaluations raw_y
1 -2851.0000000000
2 -2272.8479960435
3 -2271.7948610726
5 -1816.6682231027
7 -1666.0852567877
9 -1139.6454214998
12 -916.0697278136
18 -164.1484475303
19 125.3145956026
22 1211.3155745624
25 1664.6753653868
28 1725.1873671264
31 2702.9714211967
42 2971.8419044613
43 3177.2956918162
45 3790.1227464914
46 3831.5035303092
52 4485.8453968145
95 4627.7608226396
100 5036.1342687422
116 5202.4449758747
156 5697.7997713377
189 5716.7631788188
255 6057.8442371016
259 6115.7156511723
296 6300.5584697477
324 6304.5290058397
338 6437.9041872936
360 6451.8947131580
362 6524.5685042418
511 7024.3669291980
650 7026.7254522456
698 7035.3082607952
782 7141.4501350858
853 7335.6382341968
953 7595.0737120024
1179 7613.6963439327
1835 7713.6159361157
2525 7715.4216949232
2595 7716.1910657473
2672 7766.7724777720
2716 7868.5927271729
2977 7906.7695865904
3583 7916.1493511386
4022 7926.7477554787
4483 7940.1475528175
4602 7971.7977088339
4720 8012.3651628662
7130 8022.3927041906
8554 8033.7146239344
8754 8045.6890841798
9672 8049.8560881500
10000 3581.8574895560
evaluations raw_y
1 -2851.0000000000
2 -1218.0377435129
3 -820.4290092310
4 139.9086152319
5 234.4657245233
6 803.6171587965
22 1204.2705937618
24 1416.2824442014
38 2453.9683687438
42 2918.1740325056
56 3212.0929941090
58 3595.3548475384
70 4034.6948875323
74 4148.9103023953
92 5179.3581456794
103 5472.8253295770
105 5752.8920205340
107 6311.9621630242
159 6440.6100491999
303 6880.9653721567
384 7211.6464606265
805 7267.3082723173
947 7378.6739364776
975 7490.6057029260
1032 7573.7312346084
1430 7696.4155475237
1456 7716.1980887860
1865 7776.5752324354
1919 7786.0537360278
2001 7884.6734399335
3178 7898.4588929105
3835 7938.5233399812
4001 8021.2666785649
4324 8053.1473143174
7653 8057.8739938886
8459 8061.6743219499
10000 -1428.0750870145
evaluations raw_y
1 -2851.0000000000
2 -2131.9836191854
3 -1783.5044192361
5 -1018.1933844755
7 -31.9533591138
15 344.5719348416
16 538.7868742065
18 2731.6721535274
26 3211.4552306023
27 4293.2791994274
43 5653.5129752248
73 5761.9691066492
154 5762.8273245145
186 5970.7223112219
216 6422.9032243131
253 6683.0874804007
259 7046.1360622670
283 7099.2854223628
373 7263.8029022519
668 7274.2912513319
715 7309.8942181438
788 7425.7448516438
827 7456.5925508289
960 7544.9440350754
1297 7613.6839889060
1302 7742.3044171371
1324 7744.0171349134
1447 7773.8087370919
1924 7829.1494407219
2059 7900.2156710933
2430 7902.9904307634
2529 7911.4395508982
2978 7919.0758224317
3493 7952.7978989200
4755 7971.6829312903
4847 7981.3677296328
5443 8018.3833523454
5842 8032.2281372417
7209 8035.0329504732
7807 8064.0425176947
8185 8068.1160139478
10000 -1857.6289181620
evaluations raw_y
1 -2851.0000000000
2 -2601.6372449964
3 -2139.2555941743
4 -469.7654629960
13 -189.6645751210
16 1152.7143125324
23 1824.7573510656
24 2763.6244470625
35 3476.2267295229
41 3645.5118837632
42 4460.2802798625
96 5226.2609380149
117 6103.4163660180
196 6259.2305691548
209 6546.4507782670
259 6740.7721011795
324 6827.5314829629
393 6895.0159569016
418 7303.7882254525
512 7490.5228736020
540 7507.6913739428
1284 7620.5871063329
1401 7684.4505817187
1767 7734.6684078795
2063 7780.7881573367
2111 7784.0286840086
2125 7834.1303379208
2220 7842.3580883680
2717 7876.5332791116
2906 7877.4605398929
3557 7923.0936502867
3598 7962.1279236289
3730 7977.4162968977
7444 7989.2893561018
7767 8029.7861779054
8282 8033.5387592040
9433 8038.9304824678
9719 8055.8072566804
10000 2122.9736996146
evaluations raw_y
1 -2851.0000000000
2 -2601.6372449964
3 -2535.3301381746
4 -2476.8054585995
5 -1775.8826301363
8 -1320.4474881396
10 503.9467448594
14 1099.3814393368
26 2405.7728109364
38 2734.5498638116
40 2943.7324505593
51 3285.6500738808
59 3287.9837535517
65 3398.6532112471
80 3414.9374967698
81 3907.2341493616
113 4036.5383031815
117 4630.1961992398
135 4768.2339737928
152 4978.0454663898
179 5361.8470454533
184 5459.2449271067
185 5619.2559419502
227 5755.2197907678
277 6321.6867653343
289 6370.9834810036
316 6729.4679261315
349 7088.7606234803
473 7151.9856403833
692 7345.1319138711
804 7451.0454465993
820 7469.0931344755
877 7552.9683702544
960 7669.5880545394
1195 7674.8759816934
1484 7680.9351245178
1587 7803.2169104043
1822 7846.8562990915
2207 7851.9999836384
2726 7856.3733883147
3471 7856.4422620413
3526 7891.7225633848
3640 7941.9514456391
4503 7989.2804280646
5537 8019.8345707598
6175 8030.8439339611
6882 8033.2624959824
6972 8045.6108931029
10000 6857.8115369994
evaluations raw_y
1 -2851.0000000000
2 -2650.5898538241
3 -1895.7677468533
6 -1671.4193313958
8 -1422.0634825864
9 -1290.1482363405
13 -984.3081755933
17 -412.5150851772
22 -383.3534279172
29 -175.4436522686
30 862.5923075304
33 950.6005733403
38 1082.3306298612
39 1556.9665062677
53 1887.6575256295
55 2201.7987845089
62 3359.4218242147
75 3992.3907213356
76 4239.6319512877
95 4494.3646155400
105 4719.6592756356
110 5870.4428465767
117 6567.1222741493
171 6604.3183986263
320 6758.9768792122
407 6936.5374778741
415 6937.5688751322
452 6974.3735635202
491 7079.1944999943
573 7129.0001913873
643 7195.2006297046
671 7256.4928321949
902 7346.4855832667
1010 7571.1225606871
1277 7795.1579695187
1326 7821.2166843728
1518 7856.2589873867
1834 7903.1450611301
2013 7907.5774198600
2402 7935.0347166233
3436 7980.8700733330
4435 8027.4658101886
4534 8044.0369274313
4995 8047.0230536405
5971 8053.1438556841
7804 8063.7425277140
10000 5578.4187180187
evaluations raw_y
1 -2851.0000000000
2 -2762.9606672623
3 -2566.6254730164
4 -2185.3524109669
5 -1418.3095318829
7 -1141.5497544620
9 -571.3590566432
19 135.4724977009
25 318.3444826908
28 1244.1693016397
32 1611.8178721483
38 2212.7510291696
40 3019.9526383930
43 3578.5015270285
44 3759.4637157729
52 3930.9508771261
54 3951.0894611763
67 4751.7862699964
84 4769.3543178599
98 4903.5475742925
100 5691.8100652494
208 6034.8094601048
235 6459.2460297171
296 6549.6906758719
300 6601.4411041807
429 6728.5494560489
453 6751.4811335419
461 7044.6559170859
532 7054.4020698184
568 7403.5807514327
597 7408.9791428119
793 7456.4464411475
995 7457.3741001970
1029 7470.1670294015
1287 7750.3472122406
1653 7797.6301152883
2015 7834.8775462943
2023 7837.4562168814
2260 7840.9466870149
2596 7850.5860567267
2868 7851.3230009221
2957 7894.9754934280
3072 7909.5867988338
3246 7958.5593088584
3820 7994.2969551574
4338 8020.8959150522
5081 8021.3246633775
6130 8036.8778014260
7836 8061.6702635125
8374 8063.6853531553
10000 -750.7132633208
evaluations raw_y
1 -2851.0000000000
2 -1881.5104742845
3 -1179.1632700020
4 -559.0623860469
7 -450.4824223232
8 89.5746134539
10 822.0031592509
12 1088.0626815410
14 1372.4267299362
21 1773.0732083610
26 2074.5747405703
38 2496.1648287243
42 3265.6381674839
44 3268.2901752481
65 3385.4402973833
68 3415.0049209595
72 4158.8504036678
75 4588.2462031038
78 5085.9238852014
84 5151.7784649407
124 5304.8182450490
147 5471.4601428874
182 6037.4354126593
183 6237.3763516416
304 6616.0562394543
437 6796.2929997480
451 6911.8837079075
478 7119.1750430245
526 7121.0389343965
579 7200.0666737199
761 7247.0656609584
979 7264.5610312861
982 7324.5454121044
999 7352.7806292098
1347 7562.2035788659
1569 7698.8427224358
1784 7757.8294942992
1787 7782.7662082662
2211 7823.1024976863
2688 7861.0071600695
3044 7897.7028889778
3321 7915.8984618506
3405 7930.5628162256
3545 7972.7241608790
3569 7992.3186986484
3835 8034.0010010308
3965 8050.4464699877
7343 8052.4382586250
7352 8053.6427604877
9037 8074.8273311137
10000 -1304.2191611525
evaluations raw_y
1 -2851.0000000000
2 -2420.2392277087
3 -1490.9629888428
5 -500.5779725815
6 348.6685141823
13 943.7044657667
15 1108.1095970675
16 2293.5106495707
22 3280.1479641359
40 3722.4841082150
43 4357.4560991843
51 4663.8306425148
64 5443.4936527389
84 5486.4325336541
113 5757.9306673701
163 5843.6476919163
165 5853.1302384204
192 5981.6901867725
200 6332.5532866543
239 6865.7880795301
322 6976.6591985841
347 7074.5587933471
419 7285.9975346506
423 7296.5459583342
478 7344.1656391449
558 7457.6059932376
722 7461.7756551374
724 7584.0876247408
842 7637.3065721291
920 7741.3818077717
950 7766.9533308197
1122 7825.7989989418
1505 7844.3876656714
2417 7853.4753916076
2544 7929.0731540089
2733 7985.8894509401
6329 7999.8955767344
6558 8012.3196954952
6968 8045.8762002728
7094 8053.2305518879
7734 8056.0729702044
8327 8059.2467409469
10000 3410.4498045833
evaluations raw_y
1 -2851.0000000000
2 -2596.6541552895
3 -2118.5528703851
4 -1415.4310425328
5 -925.2127749578
6 681.1759687665
14 1023.5803118185
15 1164.3657266032
16 1931.7587199354
18 3256.4090556230
34 3595.7566300496
42 3742.1856138424
68 3748.7508144021
75 4212.9905802019
81 4874.1672235032
94 5523.7536096837
95 6030.2923614509
164 6599.4952528661
360 6982.6432143707
568 7190.0586689345
656 7229.1210231594
764 7258.0614429699
772 7274.0238185888
1001 7543.1894249209
1550 7578.5458721308
1746 7768.3251033731
1936 7815.1202357253
2520 7888.5773037336
3337 7898.5143660319
3543 7941.3159135678
5246 7973.4992349514
5767 7988.5841873432
5856 7996.1308271363
6443 8038.7814564705
6599 8039.1090535969
7035 8047.9482740208
10000 2658.2523353227
evaluations raw_y
1 -2851.0000000000
2 -2440.9238342336
5 -2408.2193052715
6 -1585.9025087193
10 -1039.4418183561
11 -555.2677191233
18 949.6043756094
25 2189.3278001800
28 4021.3023442350
59 4800.9653457592
68 4810.6510768902
80 4882.2524539326
82 5753.4088484065
192 5758.2991077650
288 6147.0921445480
297 6213.7131815192
302 6855.5593005228
364 6889.2675424613
539 7035.7195345182
552 7102.7780899767
697 7297.1403782339
830 7302.3713707490
898 7406.1775824607
923 7442.6623120824
1205 7457.8477079172
1405 7566.2413759983
1492 7743.9706573325
2111 7839.9510045650
2658 7905.0823059325
3091 7949.4893382252
5729 7976.6609917924
6244 8007.8559544732
6257 8012.8748358940
8028 8028.9605416648
8402 8036.5145799911
8413 8037.9551585748
8650 8039.0254718088
9855 8048.7968607319
10000 5725.4319206044
evaluations raw_y
1 -2851.0000000000
2 -1628.9261065453
3 -1332.0190160620
5 -1197.6598380412
6 -201.3604992286
7 383.1918682178
9 708.8556662794
17 1012.6823155601
21 2310.5940568758
22 2555.1061541165
23 3338.8728078206
25 3594.2443072599
55 3936.9185179115
78 4101.5061724250
86 4794.4067427250
99 4956.8657533158
190 5265.2324175008
220 5500.0246082162
221 5506.2995967773
224 5834.5166020393
235 6054.5667976329
270 6669.4623683285
433 6783.3558880658
515 6880.9142605644
595 7205.3546619813
686 7227.7744439307
711 7480.5208680411
1052 7539.1459063231
1068 7616.5797602773
1102 7653.0753539222
1140 7743.4053922003
1354 7804.5548448049
1400 7810.6985554055
1863 7854.3254574538
1992 7862.1168703548
2190 7869.2715557801
2230 7886.3175015562
2900 7950.8578210318
3766 7962.7391353100
4824 7974.4566485041
5530 7975.1529607651
5601 7984.8103242714
6093 8001.3838864184
8322 8009.4180329133
10000 7806.6993829848
evaluations raw_y
1 -2851.0000000000
2 -2130.8381372408
3 -1647.4294319317
5 -1281.5204273778
6 -1280.1839065267
7 -955.4301188591
9 -313.7252051614
14 448.1455143980
19 638.7474805717
20 1371.9817813761
21 1519.2666260732
33 2109.4834979236
40 2190.0067405512
41 4100.4086132936
42 4225.9726106951
64 4687.7259699586
86 4888.9612524851
88 4918.6641554640
91 5080.0872008822
108 5577.4606959432
142 5652.0668376167
180 5753.8102226015
251 6160.1940555281
259 6237.9421473205
262 6627.5604428146
269 6667.6317940496
276 6714.8552366446
339 6767.5598181840
358 6914.8295450519
532 6934.1674115102
609 7368.1326306321
1025 7409.5751293531
1132 7454.1731798887
1276 7508.2582041283
1423 7534.0775235412
1453 7554.4067904141
1654 7650.0722216262
1850 7861.4232587377
2374 7941.6028851032
3289 7946.2672329018
3596 7977.2559166800
4177 8006.0084862023
7839 8015.5795166365
8628 8018.1983376420
10000 -2619.8655773295
