evaluations raw_y
1 618.0000000000
16 625.0000000000
23 639.0000000000
73 648.0000000000
98 659.0000000000
155 660.0000000000
228 662.0000000000
249 668.0000000000
281 671.0000000000
353 674.0000000000
357 682.0000000000
489 684.0000000000
515 687.0000000000
663 689.0000000000
712 690.0000000000
733 691.0000000000
788 692.0000000000
794 696.0000000000
901 698.0000000000
1211 700.0000000000
1323 702.0000000000
1489 703.0000000000
1616 706.0000000000
1867 707.0000000000
2004 708.0000000000
2186 711.0000000000
7032 712.0000000000
8100 714.0000000000
13952 717.0000000000
16710 718.0000000000
20703 720.0000000000
64425 721.0000000000
100000 683.0000000000
evaluations raw_y
1 595.0000000000
2 600.0000000000
4 618.0000000000
25 620.0000000000
35 641.0000000000
66 644.0000000000
98 657.0000000000
99 659.0000000000
196 666.0000000000
206 670.0000000000
223 676.0000000000
379 683.0000000000
491 689.0000000000
650 693.0000000000
683 699.0000000000
748 700.0000000000
854 701.0000000000
926 706.0000000000
2799 710.0000000000
7627 712.0000000000
8213 715.0000000000
100000 675.0000000000
evaluations raw_y
1 614.0000000000
3 622.0000000000
24 630.0000000000
43 633.0000000000
70 640.0000000000
83 643.0000000000
85 647.0000000000
139 656.0000000000
257 659.0000000000
312 661.0000000000
324 666.0000000000
377 667.0000000000
378 669.0000000000
479 681.0000000000
584 684.0000000000
596 686.0000000000
618 688.0000000000
761 690.0000000000
769 695.0000000000
809 696.0000000000
914 698.0000000000
931 699.0000000000
944 701.0000000000
1005 702.0000000000
1214 704.0000000000
1225 706.0000000000
1487 710.0000000000
2660 714.0000000000
8252 715.0000000000
20137 716.0000000000
29268 717.0000000000
29301 720.0000000000
100000 720.0000000000
evaluations raw_y
1 642.0000000000
78 652.0000000000
105 658.0000000000
142 660.0000000000
173 670.0000000000
258 671.0000000000
265 677.0000000000
308 680.0000000000
407 681.0000000000
629 686.0000000000
654 691.0000000000
794 692.0000000000
859 693.0000000000
875 694.0000000000
878 695.0000000000
1000 696.0000000000
1023 698.0000000000
1140 701.0000000000
1321 702.0000000000
1366 708.0000000000
3491 709.0000000000
4020 711.0000000000
6737 713.0000000000
18098 714.0000000000
30995 715.0000000000
100000 693.0000000000
evaluations raw_y
1 614.0000000000
10 634.0000000000
22 649.0000000000
62 652.0000000000
166 673.0000000000
265 682.0000000000
396 686.0000000000
532 688.0000000000
626 689.0000000000
704 696.0000000000
974 699.0000000000
1001 700.0000000000
1016 702.0000000000
1102 703.0000000000
1191 704.0000000000
1354 706.0000000000
2416 707.0000000000
2520 708.0000000000
2658 709.0000000000
2736 710.0000000000
2884 711.0000000000
6687 713.0000000000
29246 714.0000000000
77088 715.0000000000
100000 708.0000000000
evaluations raw_y
1 612.0000000000
12 613.0000000000
19 622.0000000000
22 629.0000000000
41 631.0000000000
61 649.0000000000
118 652.0000000000
221 653.0000000000
225 656.0000000000
268 658.0000000000
272 659.0000000000
283 661.0000000000
319 662.0000000000
341 669.0000000000
415 672.0000000000
440 673.0000000000
470 676.0000000000
491 678.0000000000
548 679.0000000000
584 688.0000000000
725 689.0000000000
784 690.0000000000
819 693.0000000000
962 695.0000000000
1016 696.0000000000
1043 697.0000000000
1335 699.0000000000
1409 703.0000000000
2109 707.0000000000
2539 710.0000000000
3037 712.0000000000
3044 714.0000000000
3466 715.0000000000
8602 716.0000000000
10719 719.0000000000
13643 720.0000000000
17244 723.0000000000
100000 696.0000000000
evaluations raw_y
1 599.0000000000
3 607.0000000000
6 609.0000000000
10 646.0000000000
61 652.0000000000
105 654.0000000000
106 663.0000000000
141 672.0000000000
365 678.0000000000
407 685.0000000000
573 686.0000000000
699 687.0000000000
771 693.0000000000
835 697.0000000000
948 698.0000000000
1064 699.0000000000
1157 703.0000000000
2150 704.0000000000
2238 708.0000000000
2284 710.0000000000
2637 711.0000000000
2699 712.0000000000
5848 715.0000000000
6467 716.0000000000
6790 719.0000000000
7507 723.0000000000
100000 677.0000000000
evaluations raw_y
1 562.0000000000
2 566.0000000000
3 578.0000000000
4 615.0000000000
10 621.0000000000
20 634.0000000000
98 639.0000000000
104 644.0000000000
130 650.0000000000
252 652.0000000000
270 663.0000000000
323 664.0000000000
342 679.0000000000
477 682.0000000000
686 683.0000000000
706 687.0000000000
738 693.0000000000
940 706.0000000000
1981 708.0000000000
3446 712.0000000000
5757 713.0000000000
51204 716.0000000000
60672 717.0000000000
100000 717.0000000000
evaluations raw_y
1 604.0000000000
5 621.0000000000
8 636.0000000000
43 647.0000000000
98 656.0000000000
144 657.0000000000
186 664.0000000000
194 669.0000000000
244 674.0000000000
390 675.0000000000
469 683.0000000000
592 687.0000000000
663 688.0000000000
759 693.0000000000
840 697.0000000000
935 700.0000000000
1211 701.0000000000
2081 705.0000000000
4281 707.0000000000
4798 709.0000000000
5100 713.0000000000
5904 715.0000000000
12882 717.0000000000
14323 720.0000000000
16339 722.0000000000
20435 723.0000000000
28164 724.0000000000
86770 725.0000000000
93056 726.0000000000
100000 703.0000000000
evaluations raw_y
1 536.0000000000
2 561.0000000000
3 573.0000000000
4 578.0000000000
5 597.0000000000
6 621.0000000000
11 626.0000000000
20 647.0000000000
98 654.0000000000
155 656.0000000000
161 661.0000000000
171 663.0000000000
203 666.0000000000
232 668.0000000000
274 669.0000000000
290 670.0000000000
292 680.0000000000
369 682.0000000000
421 684.0000000000
423 685.0000000000
435 689.0000000000
501 691.0000000000
528 692.0000000000
608 697.0000000000
944 701.0000000000
2519 702.0000000000
3728 707.0000000000
4510 708.0000000000
6036 712.0000000000
7570 713.0000000000
13230 714.0000000000
13446 718.0000000000
15972 720.0000000000
16589 721.0000000000
20763 722.0000000000
26884 723.0000000000
32412 725.0000000000
36602 727.0000000000
55528 729.0000000000
100000 720.0000000000
evaluations raw_y
1 611.0000000000
4 624.0000000000
5 627.0000000000
9 648.0000000000
99 657.0000000000
169 672.0000000000
225 674.0000000000
279 682.0000000000
301 693.0000000000
341 694.0000000000
589 696.0000000000
595 705.0000000000
1524 708.0000000000
2228 711.0000000000
2538 712.0000000000
2842 714.0000000000
3358 716.0000000000
10650 717.0000000000
61994 719.0000000000
82357 720.0000000000
93576 722.0000000000
96323 723.0000000000
100000 723.0000000000
evaluations raw_y
1 619.0000000000
21 622.0000000000
38 660.0000000000
140 667.0000000000
192 672.0000000000
281 675.0000000000
382 678.0000000000
434 679.0000000000
535 686.0000000000
644 688.0000000000
685 689.0000000000
689 691.0000000000
715 694.0000000000
1024 697.0000000000
1234 698.0000000000
1438 700.0000000000
1556 701.0000000000
3042 702.0000000000
3277 710.0000000000
9282 712.0000000000
14708 715.0000000000
100000 706.0000000000
evaluations raw_y
1 615.0000000000
5 631.0000000000
54 639.0000000000
105 645.0000000000
115 654.0000000000
176 655.0000000000
178 661.0000000000
242 664.0000000000
307 668.0000000000
320 672.0000000000
339 676.0000000000
367 681.0000000000
567 682.0000000000
613 683.0000000000
644 686.0000000000
674 690.0000000000
828 694.0000000000
850 698.0000000000
977 699.0000000000
1005 701.0000000000
1105 702.0000000000
1272 704.0000000000
1284 705.0000000000
1332 706.0000000000
2161 707.0000000000
2193 708.0000000000
2597 711.0000000000
4256 713.0000000000
6054 715.0000000000
8341 717.0000000000
100000 691.0000000000
evaluations raw_y
1 613.0000000000
2 617.0000000000
8 620.0000000000
10 642.0000000000
25 658.0000000000
78 660.0000000000
93 661.0000000000
140 672.0000000000
216 676.0000000000
270 683.0000000000
367 686.0000000000
502 689.0000000000
706 692.0000000000
730 694.0000000000
860 696.0000000000
873 697.0000000000
913 702.0000000000
1128 704.0000000000
1666 705.0000000000
2296 706.0000000000
2550 707.0000000000
4558 710.0000000000
5480 712.0000000000
20006 713.0000000000
22127 714.0000000000
31019 717.0000000000
34476 718.0000000000
36954 719.0000000000
58095 722.0000000000
100000 689.0000000000
evaluations raw_y
1 606.0000000000
4 619.0000000000
16 643.0000000000
76 644.0000000000
87 649.0000000000
107 653.0000000000
108 654.0000000000
159 663.0000000000
166 664.0000000000
241 668.0000000000
265 672.0000000000
305 679.0000000000
441 680.0000000000
460 684.0000000000
519 686.0000000000
562 688.0000000000
620 692.0000000000
678 697.0000000000
879 699.0000000000
896 701.0000000000
1123 702.0000000000
1145 705.0000000000
1657 707.0000000000
1845 711.0000000000
1858 714.0000000000
3154 717.0000000000
28559 718.0000000000
38479 719.0000000000
41992 722.0000000000
60508 723.0000000000
62632 726.0000000000
64146 727.0000000000
83072 731.0000000000
100000 708.0000000000
evaluations raw_y
1 586.0000000000
2 610.0000000000
6 624.0000000000
12 647.0000000000
62 651.0000000000
149 659.0000000000
152 663.0000000000
233 664.0000000000
297 673.0000000000
315 675.0000000000
426 681.0000000000
679 683.0000000000
725 686.0000000000
810 689.0000000000
1071 692.0000000000
3776 693.0000000000
4102 694.0000000000
4680 695.0000000000
5001 697.0000000000
5471 698.0000000000
7785 699.0000000000
7907 700.0000000000
13112 701.0000000000
14009 702.0000000000
14859 704.0000000000
19119 706.0000000000
22316 707.0000000000
25710 708.0000000000
42256 709.0000000000
45516 711.0000000000
47357 712.0000000000
51129 713.0000000000
56868 715.0000000000
100000 704.0000000000
evaluations raw_y
1 599.0000000000
2 602.0000000000
3 622.0000000000
5 626.0000000000
14 634.0000000000
40 639.0000000000
57 646.0000000000
70 650.0000000000
119 660.0000000000
168 661.0000000000
173 670.0000000000
305 672.0000000000
365 673.0000000000
432 680.0000000000
563 681.0000000000
600 687.0000000000
661 690.0000000000
667 691.0000000000
705 692.0000000000
747 697.0000000000
751 699.0000000000
825 701.0000000000
929 703.0000000000
998 704.0000000000
1001 705.0000000000
1274 706.0000000000
1633 707.0000000000
2204 711.0000000000
5512 712.0000000000
8133 713.0000000000
10588 716.0000000000
14377 717.0000000000
51522 719.0000000000
100000 692.0000000000
evaluations raw_y
1 637.0000000000
45 640.0000000000
48 642.0000000000
96 653.0000000000
130 659.0000000000
187 669.0000000000
217 676.0000000000
261 686.0000000000
378 688.0000000000
385 694.0000000000
581 695.0000000000
587 696.0000000000
773 697.0000000000
786 698.0000000000
959 699.0000000000
1701 700.0000000000
2098 703.0000000000
3798 707.0000000000
26774 709.0000000000
41611 710.0000000000
41873 712.0000000000
46384 713.0000000000
48339 714.0000000000
48538 715.0000000000
50295 716.0000000000
62884 720.0000000000
64906 721.0000000000
84281 725.0000000000
100000 725.0000000000
evaluations raw_y
1 605.0000000000
3 606.0000000000
10 645.0000000000
101 648.0000000000
162 653.0000000000
182 654.0000000000
231 655.0000000000
236 660.0000000000
305 664.0000000000
308 669.0000000000
415 670.0000000000
455 677.0000000000
501 680.0000000000
511 681.0000000000
533 683.0000000000
547 684.0000000000
607 686.0000000000
676 688.0000000000
693 696.0000000000
922 699.0000000000
1340 700.0000000000
1659 703.0000000000
3729 704.0000000000
3976 705.0000000000
6630 706.0000000000
7240 707.0000000000
9130 708.0000000000
9704 709.0000000000
12143 710.0000000000
13094 712.0000000000
14895 713.0000000000
15467 714.0000000000
19021 716.0000000000
21061 717.0000000000
22699 718.0000000000
100000 718.0000000000
evaluations raw_y
1 558.0000000000
2 595.0000000000
3 613.0000000000
34 633.0000000000
36 648.0000000000
141 652.0000000000
156 653.0000000000
162 655.0000000000
211 668.0000000000
284 674.0000000000
433 678.0000000000
480 688.0000000000
541 690.0000000000
607 691.0000000000
653 692.0000000000
709 696.0000000000
798 702.0000000000
966 706.0000000000
1270 708.0000000000
1375 709.0000000000
1437 710.0000000000
2432 713.0000000000
3292 715.0000000000
4346 716.0000000000
9344 720.0000000000
100000 660.0000000000
evaluations raw_y
1 573.0000000000
2 617.0000000000
17 626.0000000000
25 631.0000000000
31 659.0000000000
130 668.0000000000
308 674.0000000000
469 681.0000000000
539 682.0000000000
683 683.0000000000
726 685.0000000000
833 686.0000000000
914 687.0000000000
942 691.0000000000
1032 700.0000000000
1206 702.0000000000
1432 703.0000000000
1481 704.0000000000
1607 705.0000000000
9162 708.0000000000
14680 709.0000000000
15557 712.0000000000
16674 713.0000000000
18778 716.0000000000
20447 717.0000000000
100000 717.0000000000
evaluations raw_y
1 597.0000000000
2 602.0000000000
3 627.0000000000
36 650.0000000000
146 658.0000000000
183 672.0000000000
284 673.0000000000
305 675.0000000000
384 680.0000000000
414 682.0000000000
469 683.0000000000
562 692.0000000000
736 697.0000000000
870 698.0000000000
1397 699.0000000000
1438 701.0000000000
1461 703.0000000000
1636 704.0000000000
2123 705.0000000000
2459 708.0000000000
3015 711.0000000000
5465 712.0000000000
6506 715.0000000000
100000 685.0000000000
evaluations raw_y
1 592.0000000000
2 595.0000000000
4 616.0000000000
7 634.0000000000
16 643.0000000000
94 647.0000000000
97 650.0000000000
113 653.0000000000
150 654.0000000000
168 655.0000000000
172 659.0000000000
194 660.0000000000
253 665.0000000000
285 670.0000000000
286 672.0000000000
374 674.0000000000
385 677.0000000000
434 679.0000000000
447 686.0000000000
509 697.0000000000
649 704.0000000000
782 706.0000000000
926 707.0000000000
1185 708.0000000000
2156 712.0000000000
2883 713.0000000000
4036 717.0000000000
100000 680.0000000000
evaluations raw_y
1 579.0000000000
2 620.0000000000
7 630.0000000000
12 654.0000000000
66 657.0000000000
121 663.0000000000
123 665.0000000000
124 666.0000000000
158 670.0000000000
174 679.0000000000
247 684.0000000000
360 687.0000000000
437 693.0000000000
510 696.0000000000
519 697.0000000000
522 698.0000000000
557 704.0000000000
650 705.0000000000
1237 706.0000000000
1454 710.0000000000
1535 714.0000000000
7498 715.0000000000
18114 716.0000000000
28099 717.0000000000
41377 718.0000000000
100000 692.0000000000
evaluations raw_y
1 602.0000000000
2 631.0000000000
48 634.0000000000
63 642.0000000000
65 645.0000000000
68 652.0000000000
99 655.0000000000
103 664.0000000000
163 673.0000000000
240 680.0000000000
313 681.0000000000
340 690.0000000000
489 692.0000000000
555 696.0000000000
665 697.0000000000
1390 699.0000000000
1616 700.0000000000
1714 701.0000000000
2017 703.0000000000
2206 706.0000000000
3494 708.0000000000
3518 709.0000000000
5855 711.0000000000
5998 712.0000000000
7170 714.0000000000
25332 715.0000000000
57801 716.0000000000
72916 717.0000000000
75607 718.0000000000
100000 701.0000000000
evaluations raw_y
1 587.0000000000
3 590.0000000000
5 602.0000000000
10 617.0000000000
18 625.0000000000
47 652.0000000000
84 656.0000000000
200 657.0000000000
238 663.0000000000
258 675.0000000000
422 681.0000000000
454 684.0000000000
564 686.0000000000
570 688.0000000000
684 691.0000000000
785 692.0000000000
841 693.0000000000
1040 694.0000000000
1069 696.0000000000
1099 699.0000000000
1141 703.0000000000
1218 707.0000000000
1603 708.0000000000
1670 710.0000000000
1868 711.0000000000
2104 716.0000000000
2355 717.0000000000
2468 719.0000000000
6444 722.0000000000
7658 723.0000000000
11081 724.0000000000
41697 725.0000000000
42590 728.0000000000
100000 728.0000000000
evaluations raw_y
1 565.0000000000
2 578.0000000000
3 586.0000000000
6 589.0000000000
7 598.0000000000
10 616.0000000000
37 619.0000000000
46 627.0000000000
59 635.0000000000
67 638.0000000000
98 651.0000000000
153 661.0000000000
240 662.0000000000
249 665.0000000000
316 676.0000000000
406 677.0000000000
427 679.0000000000
494 686.0000000000
759 692.0000000000
1183 694.0000000000
1193 696.0000000000
1887 698.0000000000
2402 702.0000000000
4863 704.0000000000
5746 705.0000000000
7865 706.0000000000
9783 707.0000000000
10291 709.0000000000
12482 711.0000000000
17499 713.0000000000
100000 687.0000000000
evaluations raw_y
1 617.0000000000
5 626.0000000000
12 638.0000000000
94 641.0000000000
116 643.0000000000
156 649.0000000000
193 654.0000000000
267 659.0000000000
303 671.0000000000
499 676.0000000000
547 678.0000000000
562 683.0000000000
711 690.0000000000
809 692.0000000000
939 694.0000000000
960 696.0000000000
1217 698.0000000000
1233 699.0000000000
1276 702.0000000000
1325 705.0000000000
1465 711.0000000000
1715 712.0000000000
3932 717.0000000000
17511 719.0000000000
25354 720.0000000000
33850 721.0000000000
34547 722.0000000000
36894 723.0000000000
40495 724.0000000000
54063 725.0000000000
100000 706.0000000000
evaluations raw_y
1 545.0000000000
2 616.0000000000
9 623.0000000000
25 625.0000000000
40 632.0000000000
60 648.0000000000
137 652.0000000000
161 654.0000000000
208 658.0000000000
209 666.0000000000
242 669.0000000000
305 673.0000000000
327 675.0000000000
357 677.0000000000
385 678.0000000000
480 683.0000000000
512 685.0000000000
571 686.0000000000
618 689.0000000000
638 692.0000000000
874 693.0000000000
1056 699.0000000000
1324 704.0000000000
15257 705.0000000000
16737 709.0000000000
18441 710.0000000000
23358 711.0000000000
39191 713.0000000000
42660 714.0000000000
53375 717.0000000000
59335 718.0000000000
100000 671.0000000000
evaluations raw_y
1 626.0000000000
47 645.0000000000
82 648.0000000000
85 653.0000000000
135 654.0000000000
234 659.0000000000
283 662.0000000000
309 665.0000000000
314 673.0000000000
434 681.0000000000
667 682.0000000000
675 684.0000000000
680 689.0000000000
805 692.0000000000
903 693.0000000000
1028 695.0000000000
1041 700.0000000000
1320 703.0000000000
4464 705.0000000000
5661 706.0000000000
7215 707.0000000000
8287 708.0000000000
9780 709.0000000000
10187 711.0000000000
14956 712.0000000000
17328 715.0000000000
20272 716.0000000000
29053 718.0000000000
48899 720.0000000000
51874 722.0000000000
52664 726.0000000000
100000 690.0000000000
