evaluations raw_y
1 375.0000000000
2 388.0000000000
5 397.0000000000
9 400.0000000000
45 404.0000000000
47 414.0000000000
195 418.0000000000
201 420.0000000000
230 422.0000000000
284 428.0000000000
632 429.0000000000
647 431.0000000000
769 434.0000000000
988 436.0000000000
3134 437.0000000000
3701 438.0000000000
7647 439.0000000000
34907 440.0000000000
36795 441.0000000000
50824 442.0000000000
100000 442.0000000000
evaluations raw_y
1 374.0000000000
2 403.0000000000
40 404.0000000000
72 405.0000000000
83 406.0000000000
122 409.0000000000
127 415.0000000000
130 418.0000000000
188 420.0000000000
200 421.0000000000
278 423.0000000000
452 425.0000000000
453 426.0000000000
474 427.0000000000
664 429.0000000000
839 432.0000000000
986 434.0000000000
1114 435.0000000000
1541 436.0000000000
2966 438.0000000000
3298 439.0000000000
3902 440.0000000000
4373 441.0000000000
40518 442.0000000000
100000 421.0000000000
evaluations raw_y
1 385.0000000000
3 398.0000000000
34 399.0000000000
37 403.0000000000
48 407.0000000000
55 409.0000000000
62 416.0000000000
131 423.0000000000
307 424.0000000000
316 429.0000000000
389 432.0000000000
537 437.0000000000
2253 438.0000000000
4290 439.0000000000
5849 440.0000000000
6285 441.0000000000
7305 442.0000000000
8870 443.0000000000
8972 444.0000000000
19722 446.0000000000
100000 446.0000000000
evaluations raw_y
1 397.0000000000
4 402.0000000000
23 406.0000000000
139 408.0000000000
142 409.0000000000
229 410.0000000000
258 411.0000000000
270 415.0000000000
271 417.0000000000
347 424.0000000000
527 425.0000000000
686 426.0000000000
754 427.0000000000
802 428.0000000000
820 429.0000000000
985 432.0000000000
1339 433.0000000000
1439 434.0000000000
1634 435.0000000000
1821 437.0000000000
2987 438.0000000000
3729 439.0000000000
19550 440.0000000000
100000 430.0000000000
evaluations raw_y
1 387.0000000000
2 410.0000000000
51 414.0000000000
134 416.0000000000
140 417.0000000000
162 420.0000000000
192 423.0000000000
364 426.0000000000
503 428.0000000000
511 429.0000000000
560 430.0000000000
626 431.0000000000
691 433.0000000000
794 435.0000000000
1274 436.0000000000
1571 437.0000000000
1738 442.0000000000
100000 426.0000000000
evaluations raw_y
1 393.0000000000
7 394.0000000000
12 395.0000000000
23 399.0000000000
24 402.0000000000
41 413.0000000000
95 420.0000000000
223 423.0000000000
353 424.0000000000
518 425.0000000000
530 427.0000000000
567 429.0000000000
847 431.0000000000
1216 432.0000000000
1356 433.0000000000
1474 435.0000000000
1671 438.0000000000
1774 439.0000000000
1864 441.0000000000
100000 418.0000000000
evaluations raw_y
1 396.0000000000
7 400.0000000000
16 408.0000000000
42 410.0000000000
49 412.0000000000
133 415.0000000000
209 416.0000000000
214 417.0000000000
299 419.0000000000
337 422.0000000000
482 423.0000000000
518 427.0000000000
567 430.0000000000
680 431.0000000000
868 434.0000000000
1191 435.0000000000
2925 436.0000000000
5940 439.0000000000
6314 440.0000000000
7385 441.0000000000
7740 442.0000000000
100000 437.0000000000
evaluations raw_y
1 391.0000000000
2 394.0000000000
5 397.0000000000
18 410.0000000000
47 412.0000000000
63 418.0000000000
113 419.0000000000
133 420.0000000000
165 421.0000000000
194 424.0000000000
208 427.0000000000
515 428.0000000000
817 430.0000000000
1126 432.0000000000
1759 433.0000000000
2130 434.0000000000
2988 436.0000000000
3547 438.0000000000
100000 438.0000000000
evaluations raw_y
1 367.0000000000
3 371.0000000000
4 372.0000000000
5 378.0000000000
8 389.0000000000
11 399.0000000000
12 405.0000000000
17 409.0000000000
83 410.0000000000
95 415.0000000000
113 418.0000000000
147 420.0000000000
191 421.0000000000
243 423.0000000000
361 427.0000000000
404 428.0000000000
457 430.0000000000
781 432.0000000000
812 433.0000000000
1307 434.0000000000
1520 437.0000000000
1705 439.0000000000
6254 440.0000000000
8015 441.0000000000
12974 442.0000000000
100000 442.0000000000
evaluations raw_y
1 367.0000000000
2 396.0000000000
3 401.0000000000
18 406.0000000000
59 408.0000000000
74 410.0000000000
124 414.0000000000
174 415.0000000000
205 416.0000000000
276 422.0000000000
356 424.0000000000
454 425.0000000000
471 428.0000000000
620 431.0000000000
895 433.0000000000
912 434.0000000000
1049 436.0000000000
1176 438.0000000000
1585 439.0000000000
2800 441.0000000000
100000 415.0000000000
evaluations raw_y
1 370.0000000000
3 397.0000000000
13 407.0000000000
42 410.0000000000
47 414.0000000000
129 415.0000000000
216 417.0000000000
278 418.0000000000
353 421.0000000000
579 423.0000000000
645 426.0000000000
958 428.0000000000
1419 429.0000000000
1500 430.0000000000
1587 431.0000000000
1918 432.0000000000
2189 433.0000000000
4921 434.0000000000
5376 435.0000000000
12084 436.0000000000
14275 437.0000000000
14518 439.0000000000
31650 440.0000000000
100000 440.0000000000
evaluations raw_y
1 401.0000000000
11 404.0000000000
41 414.0000000000
134 419.0000000000
149 423.0000000000
329 424.0000000000
420 425.0000000000
432 428.0000000000
701 431.0000000000
906 432.0000000000
1002 433.0000000000
1096 436.0000000000
1353 437.0000000000
3808 439.0000000000
100000 434.0000000000
evaluations raw_y
1 378.0000000000
3 393.0000000000
8 405.0000000000
36 406.0000000000
42 412.0000000000
91 414.0000000000
226 417.0000000000
351 418.0000000000
415 420.0000000000
419 421.0000000000
520 422.0000000000
546 425.0000000000
592 430.0000000000
860 431.0000000000
983 432.0000000000
1280 433.0000000000
1450 434.0000000000
1475 435.0000000000
1642 436.0000000000
2023 437.0000000000
3194 438.0000000000
3504 439.0000000000
4889 440.0000000000
5382 442.0000000000
100000 424.0000000000
evaluations raw_y
1 391.0000000000
4 396.0000000000
11 406.0000000000
50 408.0000000000
63 410.0000000000
84 415.0000000000
150 421.0000000000
227 425.0000000000
331 430.0000000000
497 431.0000000000
550 433.0000000000
1149 434.0000000000
1672 435.0000000000
1826 436.0000000000
2050 437.0000000000
4511 438.0000000000
100000 432.0000000000
evaluations raw_y
1 383.0000000000
3 398.0000000000
44 402.0000000000
54 403.0000000000
71 405.0000000000
102 406.0000000000
126 410.0000000000
134 415.0000000000
140 418.0000000000
300 429.0000000000
559 430.0000000000
562 433.0000000000
1621 434.0000000000
2073 435.0000000000
2081 437.0000000000
3005 438.0000000000
3733 439.0000000000
24825 441.0000000000
100000 426.0000000000
evaluations raw_y
1 398.0000000000
32 407.0000000000
114 411.0000000000
169 415.0000000000
219 416.0000000000
263 417.0000000000
289 418.0000000000
325 420.0000000000
364 421.0000000000
395 422.0000000000
432 424.0000000000
486 425.0000000000
561 426.0000000000
708 427.0000000000
840 428.0000000000
846 430.0000000000
1104 431.0000000000
1354 432.0000000000
1630 434.0000000000
13452 435.0000000000
13903 436.0000000000
18935 437.0000000000
21247 438.0000000000
23630 439.0000000000
24533 440.0000000000
24621 441.0000000000
100000 441.0000000000
evaluations raw_y
1 389.0000000000
2 395.0000000000
6 406.0000000000
30 410.0000000000
96 417.0000000000
153 420.0000000000
229 422.0000000000
273 424.0000000000
325 427.0000000000
409 428.0000000000
598 430.0000000000
712 431.0000000000
822 433.0000000000
992 434.0000000000
1656 436.0000000000
3021 437.0000000000
3544 438.0000000000
13312 440.0000000000
100000 434.0000000000
evaluations raw_y
1 379.0000000000
2 384.0000000000
5 406.0000000000
47 413.0000000000
129 414.0000000000
134 417.0000000000
145 420.0000000000
211 423.0000000000
291 427.0000000000
587 428.0000000000
741 429.0000000000
775 433.0000000000
1076 434.0000000000
2455 435.0000000000
2699 436.0000000000
2945 437.0000000000
11247 438.0000000000
14398 439.0000000000
14481 441.0000000000
23772 442.0000000000
28277 443.0000000000
31278 444.0000000000
42094 445.0000000000
100000 445.0000000000
evaluations raw_y
1 403.0000000000
6 409.0000000000
70 416.0000000000
94 418.0000000000
241 422.0000000000
290 425.0000000000
720 427.0000000000
906 431.0000000000
1090 432.0000000000
1186 433.0000000000
1510 434.0000000000
1519 435.0000000000
1936 436.0000000000
2595 437.0000000000
3793 439.0000000000
41650 440.0000000000
100000 433.0000000000
evaluations raw_y
1 390.0000000000
5 391.0000000000
8 404.0000000000
11 405.0000000000
42 409.0000000000
47 411.0000000000
85 418.0000000000
158 420.0000000000
285 421.0000000000
286 423.0000000000
340 424.0000000000
472 425.0000000000
495 428.0000000000
548 432.0000000000
623 434.0000000000
715 436.0000000000
828 437.0000000000
4078 438.0000000000
5824 439.0000000000
6218 440.0000000000
100000 432.0000000000
evaluations raw_y
1 398.0000000000
6 404.0000000000
27 411.0000000000
49 412.0000000000
68 414.0000000000
155 415.0000000000
180 416.0000000000
213 421.0000000000
341 423.0000000000
347 428.0000000000
561 430.0000000000
760 431.0000000000
1426 432.0000000000
2100 434.0000000000
2630 435.0000000000
4563 436.0000000000
6570 437.0000000000
9620 438.0000000000
25501 439.0000000000
100000 439.0000000000
evaluations raw_y
1 380.0000000000
2 391.0000000000
3 398.0000000000
6 400.0000000000
7 413.0000000000
103 420.0000000000
122 422.0000000000
354 423.0000000000
362 426.0000000000
389 427.0000000000
449 432.0000000000
643 433.0000000000
733 434.0000000000
930 435.0000000000
2005 437.0000000000
100000 422.0000000000
evaluations raw_y
1 395.0000000000
2 396.0000000000
11 400.0000000000
12 401.0000000000
24 407.0000000000
48 414.0000000000
232 418.0000000000
329 420.0000000000
390 424.0000000000
413 428.0000000000
473 430.0000000000
489 433.0000000000
995 436.0000000000
1016 439.0000000000
5217 440.0000000000
6059 441.0000000000
100000 425.0000000000
evaluations raw_y
1 385.0000000000
3 411.0000000000
138 414.0000000000
145 422.0000000000
270 423.0000000000
399 425.0000000000
409 426.0000000000
413 429.0000000000
525 431.0000000000
629 432.0000000000
776 433.0000000000
876 434.0000000000
949 437.0000000000
1348 439.0000000000
1470 441.0000000000
2126 442.0000000000
3012 443.0000000000
6692 445.0000000000
100000 445.0000000000
evaluations raw_y
1 381.0000000000
2 408.0000000000
46 414.0000000000
93 418.0000000000
194 420.0000000000
315 424.0000000000
399 429.0000000000
544 431.0000000000
794 433.0000000000
827 436.0000000000
1000 438.0000000000
1439 439.0000000000
1714 440.0000000000
6438 441.0000000000
7183 442.0000000000
37557 443.0000000000
100000 427.0000000000
evaluations raw_y
1 382.0000000000
3 399.0000000000
7 405.0000000000
53 406.0000000000
85 409.0000000000
97 415.0000000000
191 420.0000000000
366 422.0000000000
437 423.0000000000
498 424.0000000000
559 425.0000000000
582 427.0000000000
597 429.0000000000
668 431.0000000000
678 433.0000000000
804 435.0000000000
1108 437.0000000000
1521 439.0000000000
3193 441.0000000000
100000 441.0000000000
evaluations raw_y
1 373.0000000000
2 380.0000000000
3 396.0000000000
5 400.0000000000
6 407.0000000000
46 410.0000000000
64 411.0000000000
83 413.0000000000
90 415.0000000000
100 417.0000000000
140 421.0000000000
597 423.0000000000
608 430.0000000000
1167 433.0000000000
1440 434.0000000000
1529 435.0000000000
1667 436.0000000000
2359 437.0000000000
3254 438.0000000000
4033 439.0000000000
5561 440.0000000000
5762 441.0000000000
5893 443.0000000000
6755 444.0000000000
7798 445.0000000000
24571 446.0000000000
100000 446.0000000000
evaluations raw_y
1 384.0000000000
2 395.0000000000
11 396.0000000000
13 397.0000000000
19 400.0000000000
33 401.0000000000
42 403.0000000000
78 408.0000000000
105 411.0000000000
142 415.0000000000
161 419.0000000000
227 424.0000000000
388 427.0000000000
439 431.0000000000
595 434.0000000000
867 435.0000000000
986 436.0000000000
1110 437.0000000000
2685 438.0000000000
3614 439.0000000000
9004 441.0000000000
14548 442.0000000000
18825 443.0000000000
100000 430.0000000000
evaluations raw_y
1 363.0000000000
2 386.0000000000
6 399.0000000000
9 407.0000000000
71 410.0000000000
78 422.0000000000
110 423.0000000000
239 426.0000000000
273 427.0000000000
350 430.0000000000
471 432.0000000000
566 434.0000000000
687 436.0000000000
744 437.0000000000
847 439.0000000000
1218 442.0000000000
8515 443.0000000000
14830 444.0000000000
29860 446.0000000000
100000 440.0000000000
evaluations raw_y
1 395.0000000000
2 406.0000000000
59 410.0000000000
64 417.0000000000
150 420.0000000000
162 423.0000000000
283 425.0000000000
423 427.0000000000
508 428.0000000000
555 432.0000000000
873 433.0000000000
1484 434.0000000000
2594 435.0000000000
2827 437.0000000000
2862 438.0000000000
5065 439.0000000000
6581 441.0000000000
19603 442.0000000000
27232 443.0000000000
100000 443.0000000000
