evaluations raw_y
1 88.0800000000
3 102.6400000000
16 105.8500000000
19 105.9500000000
26 116.3200000000
76 122.2800000000
83 130.2000000000
100 138.1000000000
102 145.7900000000
110 148.5200000000
166 164.9100000000
277 170.7300000000
334 183.8200000000
470 193.4000000000
699 193.6300000000
703 201.5500000000
723 211.5100000000
1443 252.9300000000
1636 265.5600000000
1681 268.4200000000
1687 268.8600000000
1708 270.5300000000
1734 276.3800000000
1791 278.4200000000
1797 279.9900000000
1927 280.6000000000
1930 285.9400000000
1934 287.6000000000
2036 299.2300000000
2217 317.5100000000
2232 399.1400000000
2303 399.5300000000
2317 440.4000000000
2365 531.1500000000
2377 535.0600000000
2380 536.1500000000
2390 540.3200000000
2401 541.4600000000
2430 560.7700000000
2570 566.5300000000
2626 568.4600000000
2799 587.8300000000
2934 589.7700000000
3078 594.7200000000
3139 596.8100000000
3230 599.3500000000
3383 608.9300000000
3620 610.5300000000
3717 618.5300000000
3719 622.5000000000
3720 628.2100000000
3870 630.4500000000
3946 637.6700000000
4008 637.6800000000
4021 644.5700000000
6098 650.5900000000
8954 652.4100000000
12503 652.5600000000
12915 655.1100000000
24363 658.8200000000
30895 705.3000000000
30921 714.3300000000
31050 718.2000000000
31098 722.8300000000
31268 723.6500000000
31349 725.1900000000
31383 731.2100000000
31988 735.7200000000
34319 743.8600000000
36235 749.4000000000
36441 816.4400000000
36628 823.1500000000
36669 823.4700000000
36722 825.5700000000
36729 827.7400000000
36740 833.2600000000
36800 833.5100000000
36810 834.4600000000
36812 835.7800000000
36875 836.3300000000
36899 844.6500000000
37627 846.1400000000
38164 847.2600000000
38642 848.8500000000
40959 854.4000000000
44851 872.7900000000
67354 873.6700000000
67629 875.6500000000
67878 879.3200000000
70182 883.3200000000
71112 884.4000000000
100000 851.7300000000
evaluations raw_y
1 54.8700000000
2 78.1700000000
3 88.6600000000
16 93.9000000000
44 98.6900000000
53 120.8700000000
93 136.6400000000
97 143.3000000000
171 149.8700000000
187 154.0900000000
193 154.7900000000
205 156.5400000000
214 166.3100000000
247 166.9300000000
288 182.4300000000
290 183.9200000000
305 185.2000000000
340 187.9900000000
351 219.9900000000
402 243.6900000000
453 264.0700000000
473 297.6000000000
531 394.8500000000
538 417.1100000000
664 422.7700000000
698 423.1000000000
765 441.7600000000
782 452.0200000000
981 456.5500000000
1082 470.7700000000
1684 471.7000000000
1951 472.2600000000
2151 578.1700000000
2259 579.4200000000
2262 582.9000000000
2366 596.5700000000
2898 598.0800000000
2986 598.5600000000
2994 599.8100000000
3281 602.4400000000
3608 602.8300000000
3648 603.0400000000
4218 613.8300000000
4782 703.0500000000
4807 708.0000000000
4812 708.5000000000
4863 712.4600000000
4930 718.3600000000
4943 723.4100000000
5295 731.8400000000
5383 732.4400000000
5761 733.1100000000
6169 735.0400000000
7830 737.6900000000
8269 743.3700000000
11723 795.1500000000
11799 811.1200000000
11942 820.7000000000
12014 837.6100000000
12233 844.1600000000
12534 848.2600000000
12609 855.6800000000
12848 856.1600000000
13464 862.3100000000
13981 865.7200000000
14672 872.9700000000
14857 877.1700000000
15026 880.0300000000
15578 880.4100000000
15641 889.1100000000
17857 889.2500000000
19314 891.9200000000
23610 895.7300000000
42186 899.1900000000
100000 699.5700000000
evaluations raw_y
1 72.9300000000
2 102.5700000000
11 108.0900000000
15 110.1300000000
26 128.4400000000
70 129.9800000000
78 141.2800000000
82 157.5000000000
166 159.2100000000
185 163.1700000000
234 167.9900000000
238 177.9400000000
278 196.9500000000
358 197.5000000000
592 204.5000000000
637 207.2700000000
714 209.5900000000
849 212.8300000000
973 218.6200000000
979 226.2700000000
1177 228.8100000000
1761 229.0400000000
1824 229.4500000000
2029 307.1700000000
2091 319.0500000000
2146 325.9500000000
2195 330.6400000000
2320 334.3600000000
2418 340.8200000000
2507 345.9100000000
2527 346.2500000000
2579 353.2100000000
2634 353.8100000000
2647 364.1000000000
2835 365.6300000000
2885 489.6600000000
2954 492.2300000000
2981 503.9700000000
3151 513.4100000000
3950 513.5700000000
4641 601.5600000000
4766 602.4800000000
4805 619.6300000000
4807 672.1200000000
4885 689.2800000000
4910 703.4600000000
4948 709.1100000000
4953 710.7200000000
5015 714.4000000000
5374 715.5400000000
5382 770.8000000000
5480 781.3800000000
5603 784.5800000000
5643 790.4000000000
5747 796.0600000000
5937 802.1100000000
6040 802.6900000000
6041 821.1900000000
6049 821.2000000000
6074 833.0000000000
6183 833.6900000000
6254 833.9100000000
6733 834.7100000000
6806 839.0200000000
7462 844.4200000000
7545 847.8900000000
7614 855.6300000000
7990 855.8300000000
8369 861.5800000000
8489 862.0800000000
10946 868.1500000000
22921 875.7800000000
23341 883.5100000000
31849 885.1200000000
46561 888.9800000000
48273 889.0700000000
49449 889.4300000000
70235 894.0900000000
100000 696.7400000000
evaluations raw_y
1 75.3700000000
2 75.9800000000
5 103.9500000000
9 108.4300000000
15 211.1300000000
37 218.5900000000
40 230.6000000000
81 235.5000000000
110 244.1800000000
152 248.1200000000
153 265.7900000000
164 287.2300000000
190 303.0100000000
229 309.2800000000
309 313.2400000000
456 316.0400000000
482 316.2800000000
543 323.1400000000
661 338.4000000000
1253 341.0200000000
1369 358.8200000000
1672 426.8400000000
1721 436.7100000000
1742 444.1600000000
1844 449.2000000000
1847 452.2100000000
1864 455.4400000000
1920 460.7000000000
1939 469.4400000000
2070 530.9100000000
2176 537.4400000000
2208 539.5800000000
2302 544.9300000000
2303 550.8400000000
2604 551.3300000000
2731 554.0500000000
2790 555.8600000000
2872 562.0600000000
3273 564.8000000000
3566 565.7200000000
3890 669.1700000000
3942 679.2900000000
3969 679.8200000000
4057 687.6600000000
4070 691.6200000000
4331 693.5600000000
4391 693.7800000000
4414 694.0400000000
4942 694.6700000000
5004 695.2000000000
5039 695.3600000000
5086 706.8900000000
7082 710.1900000000
7919 715.2700000000
14944 795.6500000000
15121 803.2200000000
15147 817.2400000000
15179 821.2600000000
15431 829.6200000000
15605 834.8500000000
16491 837.3600000000
16493 840.9000000000
16683 842.0000000000
17041 844.4800000000
20139 848.2800000000
21841 848.3800000000
42284 849.7000000000
43292 856.9800000000
44453 857.7000000000
44602 857.7100000000
44854 859.9200000000
44870 861.7500000000
45075 863.8600000000
45989 867.1300000000
47379 871.8400000000
62725 872.9700000000
65297 873.8900000000
66063 878.4600000000
66420 878.6300000000
66934 880.9200000000
67835 881.9900000000
69772 892.3600000000
97710 895.4600000000
100000 710.1600000000
evaluations raw_y
1 64.6300000000
2 96.0200000000
6 109.0600000000
15 116.4500000000
33 124.4100000000
43 133.9400000000
73 136.8900000000
103 149.5100000000
163 155.4100000000
198 234.8500000000
212 258.4500000000
293 285.5300000000
342 298.7100000000
405 308.1000000000
458 310.7400000000
461 316.7700000000
462 435.1100000000
501 524.1900000000
567 548.9800000000
749 549.6800000000
768 549.7600000000
783 552.6100000000
794 555.9900000000
821 556.6500000000
852 562.2600000000
965 564.0000000000
999 576.4600000000
1131 580.9500000000
1721 594.1500000000
2495 594.2200000000
2573 595.4700000000
3608 611.7600000000
3775 613.2000000000
4059 613.9200000000
4121 617.3200000000
4489 618.6200000000
4699 619.4200000000
4991 621.8700000000
5351 622.2700000000
5466 623.0700000000
5892 623.7500000000
6000 633.2500000000
7102 682.4500000000
7175 686.7000000000
7227 695.3900000000
7234 696.9700000000
7357 703.9900000000
7366 706.7700000000
7423 707.8300000000
7519 711.1900000000
7585 718.0800000000
7618 721.3200000000
7766 723.5900000000
7789 729.3500000000
7847 733.6500000000
8578 808.7400000000
8686 810.2500000000
8739 833.6500000000
8848 836.2300000000
8865 836.5700000000
9003 838.6200000000
9028 839.5700000000
9100 845.9800000000
9112 846.3400000000
9302 848.3200000000
9736 850.1400000000
10624 850.5900000000
11519 853.0000000000
13044 857.0900000000
13178 864.2700000000
13226 872.8700000000
13309 888.2400000000
13410 889.1700000000
16746 893.3100000000
65210 893.4900000000
96762 894.8500000000
100000 821.6200000000
evaluations raw_y
1 81.8500000000
2 88.6600000000
4 97.1800000000
5 103.7000000000
9 247.9700000000
34 254.9400000000
94 300.4800000000
101 408.0900000000
143 416.7300000000
169 417.4600000000
175 428.8500000000
191 430.5600000000
203 433.1200000000
225 434.5800000000
234 437.0300000000
319 439.0700000000
321 447.3400000000
324 451.7800000000
383 452.4200000000
424 453.0800000000
434 456.7100000000
443 468.6200000000
527 472.3100000000
606 477.6700000000
624 509.4700000000
908 511.2200000000
1616 514.2800000000
1649 563.7400000000
1661 565.2500000000
1699 569.7600000000
1731 583.5100000000
1752 585.5900000000
1779 591.0700000000
1807 591.2300000000
1823 594.6200000000
1844 595.1000000000
1857 596.8700000000
1877 599.5600000000
1884 605.7800000000
1919 614.5100000000
2018 614.6100000000
2107 624.8600000000
2140 626.4400000000
2161 638.7800000000
2235 640.8500000000
2244 649.8400000000
2301 655.1500000000
2705 712.0700000000
2768 714.6200000000
2781 727.4300000000
2932 737.1100000000
2985 740.8700000000
3060 742.7900000000
3099 743.1900000000
3571 744.6300000000
3594 748.6800000000
4275 752.6100000000
5624 766.1000000000
7557 766.5300000000
7777 767.4900000000
8612 826.4500000000
8636 847.3900000000
8655 848.8100000000
8657 855.6100000000
8771 860.2500000000
8780 871.0600000000
9162 872.5400000000
9240 877.6400000000
13163 880.8500000000
13694 882.3600000000
15114 883.4100000000
27615 885.1200000000
100000 716.1000000000
evaluations raw_y
1 67.7800000000
2 105.2600000000
6 105.6500000000
31 107.5400000000
41 109.7600000000
42 115.8600000000
54 120.5400000000
77 124.4700000000
82 133.0700000000
86 145.4900000000
120 153.8200000000
206 161.0300000000
214 165.3800000000
244 170.2500000000
250 180.9300000000
254 305.5800000000
376 316.8000000000
488 324.5800000000
568 421.9100000000
598 426.2200000000
675 443.1400000000
709 452.8900000000
748 554.0600000000
827 556.6300000000
830 557.7500000000
835 567.7300000000
838 573.4700000000
849 590.3800000000
926 595.5100000000
1020 598.9800000000
1038 615.6500000000
1100 617.5000000000
1147 623.5500000000
1171 625.2000000000
1214 630.5400000000
1309 633.2400000000
1535 639.2000000000
1826 645.6700000000
2065 649.8900000000
2736 655.4300000000
2986 662.7400000000
3492 663.8800000000
3773 670.6800000000
3824 671.4800000000
4183 723.8900000000
4397 732.4800000000
4657 737.8200000000
6275 744.5200000000
7487 749.4900000000
7568 755.4500000000
7685 761.3200000000
7709 768.7000000000
7778 771.0200000000
8001 771.4800000000
8017 776.1400000000
8550 782.0600000000
15870 784.6800000000
27779 792.4600000000
27791 831.0000000000
27817 832.9100000000
27858 851.4600000000
27999 852.0900000000
28031 856.1400000000
28615 856.5500000000
29122 860.1600000000
29920 864.9900000000
30119 866.1100000000
30229 872.0400000000
32466 872.5500000000
33289 882.3000000000
37257 883.0500000000
54660 884.6100000000
57416 890.6900000000
100000 851.0000000000
evaluations raw_y
1 92.8900000000
5 114.7200000000
18 120.1900000000
61 125.2100000000
72 135.1500000000
116 143.6500000000
163 149.8500000000
192 153.3600000000
197 155.1400000000
208 167.3500000000
232 171.0200000000
268 183.7900000000
294 187.1700000000
346 193.4300000000
369 194.1500000000
412 210.8000000000
503 227.8500000000
550 240.1200000000
554 320.8700000000
595 333.8400000000
618 337.3200000000
693 339.3100000000
706 345.1100000000
1024 347.8700000000
1081 351.9200000000
1194 352.3200000000
1211 352.4900000000
1274 353.7500000000
1312 442.5200000000
1354 460.7700000000
1400 467.6700000000
1401 482.5100000000
1431 485.2900000000
1485 485.6800000000
1514 493.8000000000
1530 500.8300000000
1535 500.8400000000
1648 501.8200000000
1734 502.3200000000
1986 507.0200000000
2082 507.7800000000
2383 509.3700000000
2437 579.3200000000
2467 582.3100000000
2487 587.1200000000
2518 588.3000000000
2523 613.2500000000
2767 620.1000000000
2900 625.3100000000
2943 628.8800000000
3006 629.6500000000
3518 635.2800000000
3919 635.9000000000
4881 637.5700000000
5522 641.6400000000
6965 685.0700000000
7033 703.8700000000
7034 708.0400000000
7081 708.9900000000
7090 718.6200000000
7094 733.0600000000
7210 735.5600000000
7255 746.7800000000
7335 749.7500000000
7339 753.7400000000
8945 755.7300000000
9282 760.6500000000
10507 765.9000000000
11297 766.8800000000
12340 767.5200000000
12657 769.5900000000
12708 778.5900000000
12778 781.6700000000
12780 783.5600000000
13149 789.0500000000
13334 795.4900000000
13344 796.5600000000
13404 801.4000000000
13412 803.1800000000
13470 806.8000000000
13519 811.6800000000
13673 813.7000000000
14884 815.3900000000
17954 815.6800000000
17996 822.8400000000
18040 865.7300000000
18053 867.8200000000
18394 871.9500000000
18573 873.5000000000
18605 878.0300000000
18994 879.9700000000
19058 884.1700000000
20437 884.7000000000
21916 892.4400000000
42210 894.3800000000
42233 895.2600000000
42674 909.5000000000
77233 912.0800000000
100000 865.6200000000
evaluations raw_y
1 108.9400000000
5 132.3800000000
63 238.1600000000
159 241.0300000000
162 272.8200000000
263 290.2100000000
304 293.0800000000
309 317.2500000000
436 327.4800000000
528 330.7900000000
531 332.0000000000
592 334.8400000000
603 444.8900000000
615 450.2400000000
656 452.2500000000
682 460.5300000000
688 467.8100000000
705 475.3100000000
712 477.1200000000
742 483.4800000000
755 486.5600000000
756 498.1900000000
815 502.1900000000
836 519.5200000000
962 529.7100000000
1035 544.5900000000
1340 554.8200000000
1502 555.8200000000
1789 623.2800000000
1826 639.3500000000
1842 659.3200000000
2298 665.4300000000
2305 751.7600000000
2516 755.5400000000
2750 758.1200000000
2937 763.7900000000
3131 769.3600000000
3214 776.2400000000
3296 779.9600000000
3320 784.5900000000
3347 787.5000000000
3601 797.2800000000
5053 800.8200000000
5187 801.6400000000
7185 803.8700000000
7556 806.4400000000
12042 806.8600000000
19531 807.2500000000
20622 809.7200000000
21176 810.9400000000
