evaluations raw_y
1 -210.0000000000
2 -206.0000000000
7 -203.0000000000
10 -196.0000000000
25 -190.0000000000
28 -180.0000000000
32 -179.0000000000
59 -178.0000000000
76 -176.0000000000
79 -170.0000000000
85 -169.0000000000
107 -168.0000000000
122 -165.0000000000
126 -161.0000000000
148 -158.0000000000
182 -157.0000000000
190 -155.0000000000
199 -153.0000000000
200 -152.0000000000
208 -151.0000000000
224 -144.0000000000
266 -141.0000000000
296 -140.0000000000
316 -139.0000000000
323 -138.0000000000
338 -136.0000000000
344 -134.0000000000
358 -130.0000000000
394 -129.0000000000
418 -128.0000000000
432 -126.0000000000
472 -125.0000000000
489 -124.0000000000
499 -122.0000000000
505 -121.0000000000
518 -120.0000000000
539 -119.0000000000
555 -118.0000000000
564 -117.0000000000
588 -114.0000000000
612 -111.0000000000
642 -109.0000000000
656 -108.0000000000
664 -106.0000000000
693 -105.0000000000
717 -104.0000000000
732 -103.0000000000
778 -102.0000000000
781 -100.0000000000
813 -99.0000000000
821 -97.0000000000
842 -92.0000000000
890 -91.0000000000
901 -90.0000000000
920 -89.0000000000
934 -87.0000000000
971 -86.0000000000
977 -85.0000000000
982 -84.0000000000
1005 -81.0000000000
1051 -79.0000000000
1071 -78.0000000000
1092 -77.0000000000
1119 -76.0000000000
1127 -75.0000000000
1159 -74.0000000000
1162 -73.0000000000
1195 -72.0000000000
1203 -69.0000000000
1254 -68.0000000000
1284 -67.0000000000
1313 -66.0000000000
1337 -64.0000000000
1364 -63.0000000000
1379 -62.0000000000
1381 -61.0000000000
1394 -60.0000000000
1411 -58.0000000000
1446 -57.0000000000
1450 -56.0000000000
1479 -55.0000000000
1501 -54.0000000000
1524 -53.0000000000
1546 -52.0000000000
1551 -51.0000000000
1582 -48.0000000000
1612 -47.0000000000
1634 -44.0000000000
1694 -43.0000000000
1717 -42.0000000000
1778 -41.0000000000
1812 -39.0000000000
1852 -37.0000000000
1881 -36.0000000000
1910 -34.0000000000
1995 -33.0000000000
2023 -32.0000000000
2027 -31.0000000000
2032 -30.0000000000
2076 -29.0000000000
2114 -28.0000000000
2117 -27.0000000000
2130 -26.0000000000
2163 -24.0000000000
2213 -23.0000000000
2268 -22.0000000000
2281 -21.0000000000
2326 -20.0000000000
2360 -19.0000000000
2414 -18.0000000000
2462 -17.0000000000
2475 -16.0000000000
2484 -15.0000000000
2516 -14.0000000000
2573 -12.0000000000
2598 -10.0000000000
2711 -9.0000000000
2774 -7.0000000000
2825 -6.0000000000
2924 -5.0000000000
2941 -4.0000000000
2980 -3.0000000000
3056 -2.0000000000
3099 -1.0000000000
3206 361.0000000000
3297 370.0000000000
3329 371.0000000000
3350 372.0000000000
3376 376.0000000000
3429 383.0000000000
3472 388.0000000000
3552 390.0000000000
3661 391.0000000000
3683 396.0000000000
3763 401.0000000000
3878 407.0000000000
4092 413.0000000000
4475 414.0000000000
5096 418.0000000000
5283 419.0000000000
5550 422.0000000000
5625 423.0000000000
5727 427.0000000000
6891 430.0000000000
9717 431.0000000000
11573 433.0000000000
21538 435.0000000000
25707 436.0000000000
30232 437.0000000000
47816 439.0000000000
65809 440.0000000000
100000 -1.0000000000
evaluations raw_y
1 -226.0000000000
2 -202.0000000000
4 -196.0000000000
8 -193.0000000000
26 -191.0000000000
33 -190.0000000000
39 -189.0000000000
45 -187.0000000000
49 -185.0000000000
61 -179.0000000000
67 -170.0000000000
80 -169.0000000000
82 -163.0000000000
109 -156.0000000000
111 -154.0000000000
134 -150.0000000000
173 -149.0000000000
182 -146.0000000000
193 -144.0000000000
211 -141.0000000000
212 -137.0000000000
251 -136.0000000000
259 -135.0000000000
262 -133.0000000000
290 -132.0000000000
302 -131.0000000000
311 -130.0000000000
333 -129.0000000000
338 -128.0000000000
358 -127.0000000000
364 -124.0000000000
388 -123.0000000000
393 -121.0000000000
444 -119.0000000000
454 -116.0000000000
521 -114.0000000000
537 -113.0000000000
546 -111.0000000000
560 -110.0000000000
589 -108.0000000000
611 -107.0000000000
646 -105.0000000000
665 -104.0000000000
683 -103.0000000000
700 -102.0000000000
709 -101.0000000000
738 -99.0000000000
769 -97.0000000000
810 -96.0000000000
846 -95.0000000000
847 -93.0000000000
872 -91.0000000000
891 -90.0000000000
916 -89.0000000000
922 -88.0000000000
930 -87.0000000000
939 -84.0000000000
970 -83.0000000000
987 -81.0000000000
1021 -78.0000000000
1044 -76.0000000000
1067 -75.0000000000
1081 -73.0000000000
1122 -72.0000000000
1136 -71.0000000000
1141 -69.0000000000
1171 -68.0000000000
1185 -67.0000000000
1201 -65.0000000000
1243 -64.0000000000
1274 -62.0000000000
1312 -61.0000000000
1331 -60.0000000000
1384 -59.0000000000
1399 -58.0000000000
1428 -57.0000000000
1445 -55.0000000000
1492 -52.0000000000
1516 -51.0000000000
1567 -50.0000000000
1591 -48.0000000000
1617 -47.0000000000
1625 -46.0000000000
1649 -44.0000000000
1677 -43.0000000000
1709 -42.0000000000
1728 -41.0000000000
1750 -40.0000000000
1772 -39.0000000000
1784 -38.0000000000
1845 -37.0000000000
1904 -36.0000000000
1929 -35.0000000000
1942 -34.0000000000
2016 -32.0000000000
2023 -30.0000000000
2114 -29.0000000000
2153 -28.0000000000
2172 -26.0000000000
2217 -25.0000000000
2305 -24.0000000000
2350 -23.0000000000
2355 -22.0000000000
2408 -21.0000000000
2452 -20.0000000000
2476 -18.0000000000
2536 -17.0000000000
2553 -16.0000000000
2564 -15.0000000000
2615 -14.0000000000
2661 -13.0000000000
2757 -12.0000000000
2897 -11.0000000000
2903 -10.0000000000
2914 -9.0000000000
2945 -8.0000000000
2973 -7.0000000000
3013 -6.0000000000
3054 -5.0000000000
3067 -4.0000000000
3122 -3.0000000000
3132 -2.0000000000
3202 -1.0000000000
3219 379.0000000000
3351 391.0000000000
3417 399.0000000000
3498 408.0000000000
3566 414.0000000000
3983 416.0000000000
4684 420.0000000000
4705 421.0000000000
5190 422.0000000000
5246 423.0000000000
5337 424.0000000000
5696 426.0000000000
6038 429.0000000000
7182 432.0000000000
7362 433.0000000000
13355 435.0000000000
15940 436.0000000000
16017 439.0000000000
21945 441.0000000000
66461 442.0000000000
78347 443.0000000000
100000 -1.0000000000
evaluations raw_y
1 -202.0000000000
9 -187.0000000000
59 -186.0000000000
60 -180.0000000000
86 -172.0000000000
135 -166.0000000000
149 -165.0000000000
168 -161.0000000000
186 -159.0000000000
190 -154.0000000000
200 -153.0000000000
218 -152.0000000000
239 -151.0000000000
248 -150.0000000000
252 -149.0000000000
264 -148.0000000000
269 -146.0000000000
291 -142.0000000000
356 -141.0000000000
366 -139.0000000000
393 -138.0000000000
395 -135.0000000000
402 -132.0000000000
436 -131.0000000000
442 -128.0000000000
473 -127.0000000000
507 -124.0000000000
533 -122.0000000000
548 -121.0000000000
562 -117.0000000000
578 -116.0000000000
619 -115.0000000000
624 -113.0000000000
647 -112.0000000000
662 -110.0000000000
677 -109.0000000000
683 -108.0000000000
709 -107.0000000000
722 -106.0000000000
735 -105.0000000000
771 -104.0000000000
782 -101.0000000000
823 -100.0000000000
836 -98.0000000000
849 -97.0000000000
852 -95.0000000000
873 -94.0000000000
880 -93.0000000000
903 -92.0000000000
916 -91.0000000000
924 -88.0000000000
963 -87.0000000000
999 -86.0000000000
1011 -84.0000000000
1023 -83.0000000000
1032 -82.0000000000
1067 -81.0000000000
1083 -80.0000000000
1112 -79.0000000000
1122 -78.0000000000
1152 -77.0000000000
1155 -76.0000000000
1201 -75.0000000000
1225 -73.0000000000
1241 -71.0000000000
1301 -70.0000000000
1319 -69.0000000000
1322 -68.0000000000
1343 -67.0000000000
1361 -66.0000000000
1388 -64.0000000000
1425 -63.0000000000
1465 -62.0000000000
1466 -61.0000000000
1474 -60.0000000000
1490 -59.0000000000
1503 -58.0000000000
1525 -57.0000000000
1551 -55.0000000000
1561 -54.0000000000
1564 -53.0000000000
1591 -52.0000000000
1604 -49.0000000000
1634 -48.0000000000
1660 -47.0000000000
1693 -46.0000000000
1716 -44.0000000000
1743 -41.0000000000
1761 -39.0000000000
1837 -38.0000000000
1844 -37.0000000000
1858 -35.0000000000
1877 -34.0000000000
1905 -33.0000000000
1908 -31.0000000000
1951 -30.0000000000
1993 -29.0000000000
2042 -28.0000000000
2072 -27.0000000000
2097 -24.0000000000
2211 -23.0000000000
2239 -22.0000000000
2279 -20.0000000000
2297 -19.0000000000
2329 -18.0000000000
2399 -17.0000000000
2403 -16.0000000000
2418 -15.0000000000
2492 -14.0000000000
2537 -13.0000000000
2598 -12.0000000000
2632 -11.0000000000
2690 -10.0000000000
2710 -9.0000000000
2771 -8.0000000000
2810 -7.0000000000
2875 -6.0000000000
2900 -5.0000000000
2947 -4.0000000000
3029 -3.0000000000
3048 -1.0000000000
3094 394.0000000000
3171 397.0000000000
3331 402.0000000000
3355 403.0000000000
3445 405.0000000000
3473 407.0000000000
3555 409.0000000000
3585 410.0000000000
3675 415.0000000000
3814 417.0000000000
4079 421.0000000000
4147 422.0000000000
4477 425.0000000000
4480 428.0000000000
4707 430.0000000000
6252 431.0000000000
9222 432.0000000000
11736 433.0000000000
12480 434.0000000000
17886 435.0000000000
18554 437.0000000000
21302 440.0000000000
22579 441.0000000000
100000 -3.0000000000
evaluations raw_y
1 -220.0000000000
2 -215.0000000000
6 -209.0000000000
11 -208.0000000000
12 -199.0000000000
21 -198.0000000000
42 -193.0000000000
56 -189.0000000000
78 -187.0000000000
97 -185.0000000000
100 -182.0000000000
105 -177.0000000000
119 -176.0000000000
123 -173.0000000000
148 -169.0000000000
158 -159.0000000000
171 -156.0000000000
196 -153.0000000000
222 -152.0000000000
242 -151.0000000000
251 -150.0000000000
253 -144.0000000000
288 -143.0000000000
291 -142.0000000000
315 -140.0000000000
349 -139.0000000000
354 -137.0000000000
357 -134.0000000000
385 -133.0000000000
397 -131.0000000000
429 -128.0000000000
448 -126.0000000000
471 -125.0000000000
478 -124.0000000000
498 -122.0000000000
518 -121.0000000000
525 -120.0000000000
554 -117.0000000000
599 -116.0000000000
617 -115.0000000000
632 -113.0000000000
666 -112.0000000000
693 -111.0000000000
701 -110.0000000000
723 -109.0000000000
731 -106.0000000000
768 -105.0000000000
778 -104.0000000000
790 -103.0000000000
799 -102.0000000000
815 -101.0000000000
825 -99.0000000000
860 -98.0000000000
861 -96.0000000000
872 -95.0000000000
902 -94.0000000000
908 -92.0000000000
927 -90.0000000000
972 -89.0000000000
998 -84.0000000000
1029 -83.0000000000
1037 -82.0000000000
1044 -79.0000000000
1103 -78.0000000000
1121 -75.0000000000
1128 -73.0000000000
1175 -72.0000000000
1180 -71.0000000000
1187 -70.0000000000
1211 -68.0000000000
1234 -67.0000000000
1238 -66.0000000000
1251 -65.0000000000
1273 -63.0000000000
1315 -62.0000000000
1337 -61.0000000000
1344 -60.0000000000
1398 -59.0000000000
1412 -58.0000000000
1442 -57.0000000000
1481 -56.0000000000
1501 -55.0000000000
1532 -54.0000000000
1550 -53.0000000000
1588 -52.0000000000
1606 -51.0000000000
1637 -50.0000000000
1643 -49.0000000000
1670 -48.0000000000
1683 -46.0000000000
1719 -45.0000000000
1733 -44.0000000000
1751 -42.0000000000
1802 -41.0000000000
1828 -40.0000000000
1845 -39.0000000000
1863 -38.0000000000
1865 -36.0000000000
1927 -34.0000000000
1929 -33.0000000000
1973 -32.0000000000
1986 -31.0000000000
2015 -30.0000000000
2097 -29.0000000000
2121 -28.0000000000
2144 -27.0000000000
2208 -26.0000000000
2237 -25.0000000000
2246 -24.0000000000
2269 -23.0000000000
2307 -20.0000000000
2366 -18.0000000000
2387 -17.0000000000
2410 -16.0000000000
2449 -15.0000000000
2530 -14.0000000000
2531 -13.0000000000
2545 -12.0000000000
2591 -11.0000000000
2668 -10.0000000000
2724 -8.0000000000
2837 -7.0000000000
2886 -6.0000000000
3008 -5.0000000000
3080 -4.0000000000
3108 -2.0000000000
3184 -1.0000000000
3291 370.0000000000
3296 384.0000000000
3337 393.0000000000
3368 396.0000000000
3388 403.0000000000
3475 413.0000000000
3615 415.0000000000
3633 417.0000000000
3753 419.0000000000
3827 424.0000000000
4502 425.0000000000
5277 426.0000000000
5481 427.0000000000
7081 428.0000000000
7255 429.0000000000
8225 430.0000000000
8684 431.0000000000
13410 433.0000000000
13593 435.0000000000
13770 436.0000000000
15274 437.0000000000
17274 438.0000000000
18361 439.0000000000
30914 440.0000000000
100000 431.0000000000
evaluations raw_y
1 -204.0000000000
13 -202.0000000000
15 -200.0000000000
31 -194.0000000000
49 -193.0000000000
67 -191.0000000000
68 -189.0000000000
73 -185.0000000000
81 -178.0000000000
92 -175.0000000000
108 -174.0000000000
131 -171.0000000000
137 -166.0000000000
159 -164.0000000000
184 -163.0000000000
186 -161.0000000000
191 -158.0000000000
203 -155.0000000000
232 -150.0000000000
247 -149.0000000000
260 -148.0000000000
281 -143.0000000000
313 -142.0000000000
331 -141.0000000000
356 -140.0000000000
371 -137.0000000000
390 -136.0000000000
418 -135.0000000000
435 -133.0000000000
439 -132.0000000000
469 -131.0000000000
472 -130.0000000000
488 -128.0000000000
491 -127.0000000000
522 -126.0000000000
551 -125.0000000000
563 -124.0000000000
569 -123.0000000000
589 -121.0000000000
616 -120.0000000000
643 -119.0000000000
644 -117.0000000000
668 -115.0000000000
699 -114.0000000000
726 -113.0000000000
732 -112.0000000000
767 -111.0000000000
773 -110.0000000000
781 -108.0000000000
809 -107.0000000000
828 -106.0000000000
855 -105.0000000000
863 -104.0000000000
892 -103.0000000000
910 -102.0000000000
928 -101.0000000000
941 -100.0000000000
968 -99.0000000000
981 -98.0000000000
990 -97.0000000000
1011 -95.0000000000
1041 -93.0000000000
1056 -91.0000000000
1092 -90.0000000000
1111 -89.0000000000
1119 -87.0000000000
1141 -85.0000000000
1186 -83.0000000000
1216 -82.0000000000
1241 -81.0000000000
1255 -80.0000000000
1257 -79.0000000000
1258 -74.0000000000
1268 -72.0000000000
1315 -71.0000000000
1326 -70.0000000000
1344 -68.0000000000
1360 -67.0000000000
1385 -65.0000000000
1411 -64.0000000000
1430 -62.0000000000
1439 -61.0000000000
1472 -59.0000000000
1509 -57.0000000000
1540 -54.0000000000
1565 -51.0000000000
1602 -50.0000000000
1637 -48.0000000000
1681 -47.0000000000
1705 -46.0000000000
1715 -45.0000000000
1737 -43.0000000000
1757 -40.0000000000
1789 -39.0000000000
1807 -38.0000000000
1852 -37.0000000000
1861 -36.0000000000
1884 -35.0000000000
1905 -34.0000000000
1952 -33.0000000000
1995 -32.0000000000
1996 -31.0000000000
2023 -29.0000000000
2081 -28.0000000000
2121 -27.0000000000
2139 -26.0000000000
2146 -25.0000000000
2151 -24.0000000000
2179 -22.0000000000
2201 -20.0000000000
2230 -19.0000000000
2277 -18.0000000000
2329 -17.0000000000
2332 -16.0000000000
2361 -15.0000000000
2393 -14.0000000000
2435 -13.0000000000
2477 -12.0000000000
2521 -11.0000000000
2533 -9.0000000000
2580 -8.0000000000
2621 -7.0000000000
2654 -6.0000000000
2660 -5.0000000000
2747 -3.0000000000
2836 -2.0000000000
2877 -1.0000000000
3021 384.0000000000
3031 390.0000000000
3052 393.0000000000
3065 396.0000000000
3177 397.0000000000
3189 401.0000000000
3231 403.0000000000
3313 414.0000000000
4179 417.0000000000
4288 418.0000000000
4293 420.0000000000
4350 422.0000000000
4500 423.0000000000
4643 424.0000000000
4941 425.0000000000
5926 427.0000000000
6757 428.0000000000
7043 429.0000000000
7113 430.0000000000
7271 431.0000000000
7671 432.0000000000
7851 435.0000000000
12001 436.0000000000
14055 437.0000000000
18357 439.0000000000
26540 441.0000000000
54898 442.0000000000
63862 443.0000000000
100000 -3.0000000000
evaluations raw_y
1 -227.0000000000
2 -221.0000000000
3 -210.0000000000
7 -209.0000000000
8 -202.0000000000
10 -198.0000000000
15 -193.0000000000
21 -186.0000000000
26 -185.0000000000
74 -184.0000000000
77 -180.0000000000
104 -178.0000000000
117 -177.0000000000
135 -172.0000000000
138 -167.0000000000
176 -164.0000000000
201 -162.0000000000
218 -159.0000000000
231 -158.0000000000
242 -154.0000000000
253 -153.0000000000
276 -152.0000000000
290 -151.0000000000
300 -149.0000000000
303 -148.0000000000
329 -147.0000000000
346 -146.0000000000
353 -144.0000000000
358 -142.0000000000
386 -140.0000000000
416 -139.0000000000
422 -138.0000000000
433 -137.0000000000
446 -136.0000000000
464 -135.0000000000
484 -134.0000000000
493 -133.0000000000
500 -131.0000000000
511 -130.0000000000
528 -129.0000000000
540 -128.0000000000
568 -125.0000000000
570 -124.0000000000
593 -123.0000000000
596 -122.0000000000
603 -121.0000000000
651 -120.0000000000
665 -118.0000000000
669 -117.0000000000
689 -116.0000000000
701 -114.0000000000
716 -113.0000000000
743 -111.0000000000
755 -110.0000000000
780 -109.0000000000
792 -108.0000000000
826 -106.0000000000
845 -105.0000000000
871 -104.0000000000
877 -102.0000000000
909 -100.0000000000
937 -99.0000000000
945 -98.0000000000
946 -96.0000000000
972 -94.0000000000
986 -93.0000000000
1012 -92.0000000000
1035 -90.0000000000
1044 -89.0000000000
1051 -88.0000000000
1088 -87.0000000000
1101 -86.0000000000
1103 -85.0000000000
1134 -84.0000000000
1156 -83.0000000000
1160 -82.0000000000
1182 -81.0000000000
1201 -79.0000000000
1223 -78.0000000000
1239 -77.0000000000
1284 -76.0000000000
1299 -75.0000000000
1305 -74.0000000000
1331 -73.0000000000
1332 -72.0000000000
1335 -71.0000000000
1367 -68.0000000000
1408 -67.0000000000
1412 -66.0000000000
1455 -63.0000000000
1468 -62.0000000000
1517 -59.0000000000
1531 -58.0000000000
1562 -57.0000000000
1581 -56.0000000000
1601 -55.0000000000
1626 -54.0000000000
1663 -53.0000000000
1674 -52.0000000000
1682 -50.0000000000
1733 -49.0000000000
1757 -47.0000000000
1768 -46.0000000000
1793 -45.0000000000
1808 -44.0000000000
1840 -43.0000000000
1865 -41.0000000000
1920 -40.0000000000
1949 -39.0000000000
1952 -37.0000000000
1972 -36.0000000000
2005 -35.0000000000
2011 -34.0000000000
2053 -33.0000000000
2074 -32.0000000000
2121 -30.0000000000
2153 -27.0000000000
2219 -25.0000000000
2248 -24.0000000000
2266 -23.0000000000
2291 -22.0000000000
2366 -21.0000000000
2387 -19.0000000000
2434 -18.0000000000
2457 -17.0000000000
2480 -16.0000000000
2509 -14.0000000000
2580 -13.0000000000
2599 -12.0000000000
2679 -10.0000000000
2767 -9.0000000000
2789 -8.0000000000
2852 -7.0000000000
2863 -6.0000000000
2873 -5.0000000000
2928 -4.0000000000
2963 -3.0000000000
3091 -2.0000000000
3183 -1.0000000000
3212 384.0000000000
3262 387.0000000000
3329 388.0000000000
3332 390.0000000000
3405 391.0000000000
3451 394.0000000000
3462 397.0000000000
3885 407.0000000000
3937 408.0000000000
3979 415.0000000000
4145 416.0000000000
4505 422.0000000000
4586 423.0000000000
4734 424.0000000000
4819 426.0000000000
5385 431.0000000000
8320 433.0000000000
8459 434.0000000000
10544 435.0000000000
18310 436.0000000000
18484 437.0000000000
18579 438.0000000000
29480 439.0000000000
100000 -3.0000000000
evaluations raw_y
1 -201.0000000000
2 -199.0000000000
12 -187.0000000000
54 -185.0000000000
55 -184.0000000000
72 -183.0000000000
73 -176.0000000000
103 -161.0000000000
150 -160.0000000000
166 -155.0000000000
200 -154.0000000000
201 -153.0000000000
212 -151.0000000000
213 -149.0000000000
226 -146.0000000000
243 -144.0000000000
249 -142.0000000000
261 -138.0000000000
300 -137.0000000000
301 -135.0000000000
315 -134.0000000000
326 -129.0000000000
365 -126.0000000000
381 -125.0000000000
406 -124.0000000000
419 -122.0000000000
426 -121.0000000000
432 -120.0000000000
455 -118.0000000000
472 -117.0000000000
502 -116.0000000000
504 -115.0000000000
512 -114.0000000000
513 -113.0000000000
525 -111.0000000000
559 -110.0000000000
574 -108.0000000000
602 -105.0000000000
640 -104.0000000000
647 -103.0000000000
658 -102.0000000000
673 -99.0000000000
705 -97.0000000000
725 -96.0000000000
745 -95.0000000000
791 -94.0000000000
795 -93.0000000000
828 -92.0000000000
831 -89.0000000000
854 -88.0000000000
880 -86.0000000000
906 -85.0000000000
915 -84.0000000000
943 -83.0000000000
962 -82.0000000000
992 -79.0000000000
1009 -78.0000000000
1054 -77.0000000000
1056 -76.0000000000
1106 -75.0000000000
1135 -73.0000000000
1156 -72.0000000000
1185 -71.0000000000
1195 -70.0000000000
1206 -68.0000000000
1216 -67.0000000000
1246 -66.0000000000
1272 -64.0000000000
1327 -62.0000000000
1345 -60.0000000000
1370 -59.0000000000
1386 -58.0000000000
1387 -57.0000000000
1390 -56.0000000000
1439 -55.0000000000
1448 -54.0000000000
1479 -53.0000000000
1480 -52.0000000000
1484 -51.0000000000
1525 -50.0000000000
1540 -48.0000000000
1557 -47.0000000000
1562 -46.0000000000
1598 -45.0000000000
1608 -43.0000000000
1637 -42.0000000000
1663 -41.0000000000
1686 -40.0000000000
1724 -39.0000000000
1749 -38.0000000000
1766 -37.0000000000
1801 -36.0000000000
1811 -34.0000000000
1869 -32.0000000000
1884 -31.0000000000
1912 -30.0000000000
1951 -29.0000000000
1957 -28.0000000000
1997 -27.0000000000
2013 -25.0000000000
2068 -23.0000000000
2116 -22.0000000000
2124 -21.0000000000
2143 -20.0000000000
2192 -19.0000000000
2197 -18.0000000000
2241 -17.0000000000
2280 -16.0000000000
2341 -15.0000000000
2381 -14.0000000000
2397 -13.0000000000
2420 -12.0000000000
2463 -11.0000000000
2514 -10.0000000000
2555 -9.0000000000
2585 -7.0000000000
2614 -6.0000000000
2652 -5.0000000000
2703 -4.0000000000
2738 -3.0000000000
2773 -2.0000000000
2800 -1.0000000000
2897 379.0000000000
2958 383.0000000000
2969 387.0000000000
3004 392.0000000000
3076 395.0000000000
3083 397.0000000000
3138 401.0000000000
3188 405.0000000000
3387 406.0000000000
3423 408.0000000000
3570 410.0000000000
3735 411.0000000000
3737 412.0000000000
3740 417.0000000000
3813 420.0000000000
3831 421.0000000000
3844 424.0000000000
4058 426.0000000000
4672 427.0000000000
4723 428.0000000000
4899 431.0000000000
8589 433.0000000000
11978 434.0000000000
12048 435.0000000000
12222 436.0000000000
12258 438.0000000000
21932 439.0000000000
24681 440.0000000000
100000 -4.0000000000
evaluations raw_y
1 -206.0000000000
17 -204.0000000000
23 -198.0000000000
52 -192.0000000000
63 -189.0000000000
85 -187.0000000000
97 -184.0000000000
114 -183.0000000000
117 -182.0000000000
126 -175.0000000000
133 -171.0000000000
142 -168.0000000000
187 -167.0000000000
208 -164.0000000000
209 -163.0000000000
216 -159.0000000000
233 -158.0000000000
235 -155.0000000000
245 -153.0000000000
265 -146.0000000000
328 -144.0000000000
339 -141.0000000000
350 -140.0000000000
369 -138.0000000000
376 -137.0000000000
383 -136.0000000000
400 -134.0000000000
408 -133.0000000000
433 -129.0000000000
475 -127.0000000000
501 -125.0000000000
521 -123.0000000000
551 -122.0000000000
570 -121.0000000000
585 -120.0000000000
595 -119.0000000000
619 -117.0000000000
635 -116.0000000000
664 -115.0000000000
670 -114.0000000000
678 -113.0000000000
691 -111.0000000000
701 -110.0000000000
718 -108.0000000000
736 -107.0000000000
762 -106.0000000000
780 -105.0000000000
793 -103.0000000000
816 -102.0000000000
821 -100.0000000000
831 -99.0000000000
858 -98.0000000000
861 -96.0000000000
889 -95.0000000000
926 -93.0000000000
945 -92.0000000000
964 -91.0000000000
982 -89.0000000000
1016 -88.0000000000
1041 -87.0000000000
1052 -86.0000000000
1059 -85.0000000000
1063 -82.0000000000
1134 -81.0000000000
1138 -80.0000000000
1176 -79.0000000000
1205 -78.0000000000
1206 -77.0000000000
1221 -75.0000000000
1244 -74.0000000000
1260 -73.0000000000
1307 -71.0000000000
1346 -70.0000000000
1367 -69.0000000000
1371 -67.0000000000
1396 -65.0000000000
1420 -64.0000000000
1430 -63.0000000000
1433 -62.0000000000
1448 -60.0000000000
1469 -59.0000000000
1476 -58.0000000000
1513 -57.0000000000
1544 -56.0000000000
1561 -53.0000000000
1602 -52.0000000000
1611 -50.0000000000
1660 -48.0000000000
1720 -47.0000000000
1728 -46.0000000000
1747 -45.0000000000
1758 -44.0000000000
1767 -43.0000000000
1794 -42.0000000000
1831 -41.0000000000
1845 -40.0000000000
1897 -39.0000000000
1931 -38.0000000000
1963 -37.0000000000
2002 -36.0000000000
2010 -35.0000000000
2035 -34.0000000000
2047 -31.0000000000
2097 -30.0000000000
2118 -29.0000000000
2126 -28.0000000000
2134 -27.0000000000
2161 -25.0000000000
2221 -24.0000000000
2235 -23.0000000000
2251 -22.0000000000
2306 -21.0000000000
2357 -19.0000000000
2386 -18.0000000000
2450 -16.0000000000
2484 -15.0000000000
2573 -13.0000000000
2649 -12.0000000000
2705 -11.0000000000
2727 -10.0000000000
2793 -9.0000000000
2824 -8.0000000000
2887 -6.0000000000
2931 -5.0000000000
2993 -4.0000000000
3031 -3.0000000000
3125 -2.0000000000
3178 -1.0000000000
3298 354.0000000000
3342 357.0000000000
3367 383.0000000000
3555 386.0000000000
3582 392.0000000000
3597 394.0000000000
3622 398.0000000000
3694 405.0000000000
3782 407.0000000000
3888 411.0000000000
5514 412.0000000000
5648 418.0000000000
6943 419.0000000000
6975 423.0000000000
7007 424.0000000000
7039 425.0000000000
7593 427.0000000000
8803 428.0000000000
12603 429.0000000000
12733 430.0000000000
13319 431.0000000000
13351 433.0000000000
16532 434.0000000000
17980 435.0000000000
19740 436.0000000000
19925 437.0000000000
20399 438.0000000000
24143 440.0000000000
39822 441.0000000000
100000 -2.0000000000
evaluations raw_y
1 -217.0000000000
2 -204.0000000000
7 -200.0000000000
25 -197.0000000000
33 -192.0000000000
36 -191.0000000000
48 -190.0000000000
52 -189.0000000000
59 -186.0000000000
63 -185.0000000000
76 -182.0000000000
81 -180.0000000000
83 -177.0000000000
96 -174.0000000000
124 -170.0000000000
127 -169.0000000000
131 -168.0000000000
150 -167.0000000000
151 -166.0000000000
171 -164.0000000000
185 -160.0000000000
205 -159.0000000000
212 -158.0000000000
222 -157.0000000000
232 -156.0000000000
251 -154.0000000000
269 -153.0000000000
272 -152.0000000000
274 -151.0000000000
296 -150.0000000000
301 -149.0000000000
322 -148.0000000000
334 -146.0000000000
341 -144.0000000000
345 -142.0000000000
367 -141.0000000000
396 -140.0000000000
407 -139.0000000000
425 -138.0000000000
436 -133.0000000000
441 -132.0000000000
457 -131.0000000000
459 -130.0000000000
463 -129.0000000000
475 -127.0000000000
510 -126.0000000000
543 -125.0000000000
551 -124.0000000000
555 -121.0000000000
598 -119.0000000000
599 -118.0000000000
605 -117.0000000000
647 -115.0000000000
665 -112.0000000000
704 -111.0000000000
708 -110.0000000000
722 -109.0000000000
741 -108.0000000000
742 -107.0000000000
761 -105.0000000000
799 -104.0000000000
801 -103.0000000000
816 -102.0000000000
832 -100.0000000000
879 -99.0000000000
904 -98.0000000000
939 -97.0000000000
940 -96.0000000000
951 -94.0000000000
976 -93.0000000000
988 -92.0000000000
997 -89.0000000000
1031 -88.0000000000
1034 -87.0000000000
1061 -86.0000000000
1067 -85.0000000000
1101 -82.0000000000
1132 -81.0000000000
1173 -80.0000000000
1183 -78.0000000000
1202 -75.0000000000
1267 -74.0000000000
1308 -73.0000000000
1314 -72.0000000000
1319 -69.0000000000
1356 -65.0000000000
1392 -64.0000000000
1409 -63.0000000000
1420 -61.0000000000
1442 -60.0000000000
1480 -59.0000000000
1503 -57.0000000000
1531 -56.0000000000
1547 -55.0000000000
1567 -53.0000000000
1611 -51.0000000000
1621 -50.0000000000
1697 -49.0000000000
1706 -47.0000000000
1766 -46.0000000000
1780 -45.0000000000
1793 -44.0000000000
1827 -43.0000000000
1831 -42.0000000000
1874 -41.0000000000
1906 -38.0000000000
1971 -37.0000000000
1973 -36.0000000000
1994 -35.0000000000
2051 -32.0000000000
2082 -31.0000000000
2141 -30.0000000000
2157 -29.0000000000
2188 -28.0000000000
2194 -27.0000000000
2271 -26.0000000000
2325 -25.0000000000
2355 -23.0000000000
2380 -22.0000000000
2426 -20.0000000000
2515 -19.0000000000
2580 -18.0000000000
2584 -17.0000000000
2642 -16.0000000000
2667 -14.0000000000
2714 -13.0000000000
2751 -12.0000000000
2779 -11.0000000000
2828 -10.0000000000
2886 -9.0000000000
2932 -8.0000000000
2958 -7.0000000000
2980 -6.0000000000
3031 -5.0000000000
3062 -4.0000000000
3076 -3.0000000000
3119 -1.0000000000
3256 359.0000000000
3264 365.0000000000
3265 370.0000000000
3279 379.0000000000
3323 387.0000000000
3488 389.0000000000
3641 393.0000000000
3709 395.0000000000
3730 396.0000000000
3995 400.0000000000
4069 403.0000000000
4105 407.0000000000
4158 410.0000000000
4313 416.0000000000
4467 421.0000000000
4581 423.0000000000
5859 424.0000000000
5893 425.0000000000
6041 430.0000000000
6642 433.0000000000
7579 434.0000000000
7790 435.0000000000
7989 436.0000000000
8856 437.0000000000
9017 439.0000000000
10326 440.0000000000
23054 441.0000000000
100000 -2.0000000000
evaluations raw_y
1 -203.0000000000
5 -199.0000000000
13 -197.0000000000
23 -196.0000000000
32 -194.0000000000
33 -190.0000000000
41 -189.0000000000
45 -188.0000000000
52 -186.0000000000
65 -181.0000000000
66 -174.0000000000
108 -167.0000000000
124 -164.0000000000
149 -162.0000000000
152 -160.0000000000
171 -159.0000000000
172 -158.0000000000
187 -156.0000000000
211 -153.0000000000
227 -152.0000000000
241 -148.0000000000
271 -145.0000000000
304 -141.0000000000
306 -140.0000000000
312 -139.0000000000
336 -136.0000000000
357 -135.0000000000
374 -133.0000000000
375 -132.0000000000
376 -131.0000000000
410 -130.0000000000
427 -129.0000000000
453 -127.0000000000
471 -126.0000000000
494 -125.0000000000
496 -122.0000000000
513 -119.0000000000
558 -117.0000000000
584 -116.0000000000
608 -114.0000000000
623 -111.0000000000
662 -110.0000000000
715 -107.0000000000
731 -106.0000000000
751 -105.0000000000
764 -104.0000000000
771 -103.0000000000
825 -102.0000000000
836 -100.0000000000
881 -99.0000000000
885 -98.0000000000
905 -96.0000000000
927 -95.0000000000
943 -94.0000000000
945 -93.0000000000
952 -92.0000000000
991 -91.0000000000
997 -90.0000000000
1004 -89.0000000000
1027 -86.0000000000
1084 -83.0000000000
1126 -82.0000000000
1155 -81.0000000000
1164 -80.0000000000
1172 -79.0000000000
1194 -78.0000000000
1202 -77.0000000000
1211 -76.0000000000
1248 -75.0000000000
1264 -74.0000000000
1292 -71.0000000000
1325 -70.0000000000
1389 -69.0000000000
1413 -68.0000000000
1423 -67.0000000000
1443 -66.0000000000
1453 -65.0000000000
1473 -64.0000000000
1508 -63.0000000000
1547 -62.0000000000
1577 -60.0000000000
1582 -59.0000000000
1597 -58.0000000000
1646 -57.0000000000
1656 -56.0000000000
1673 -55.0000000000
1719 -54.0000000000
1749 -52.0000000000
1757 -51.0000000000
1793 -49.0000000000
1809 -48.0000000000
1843 -47.0000000000
1867 -46.0000000000
1875 -45.0000000000
1890 -44.0000000000
1897 -43.0000000000
1922 -42.0000000000
1967 -41.0000000000
1985 -40.0000000000
1998 -39.0000000000
2070 -37.0000000000
2095 -36.0000000000
2145 -35.0000000000
2171 -34.0000000000
2183 -33.0000000000
2199 -32.0000000000
2201 -31.0000000000
2255 -29.0000000000
2279 -28.0000000000
2281 -27.0000000000
2315 -26.0000000000
2331 -25.0000000000
2361 -24.0000000000
2386 -23.0000000000
2444 -22.0000000000
2481 -21.0000000000
2503 -20.0000000000
2553 -19.0000000000
2565 -18.0000000000
2601 -17.0000000000
2612 -16.0000000000
2632 -14.0000000000
2719 -12.0000000000
2733 -11.0000000000
2811 -10.0000000000
2862 -9.0000000000
2930 -8.0000000000
3010 -7.0000000000
3028 -6.0000000000
3085 -5.0000000000
3111 -4.0000000000
3129 -3.0000000000
3214 -2.0000000000
3215 -1.0000000000
3269 368.0000000000
3392 375.0000000000
3426 383.0000000000
3520 386.0000000000
3548 387.0000000000
3638 394.0000000000
3766 397.0000000000
3949 399.0000000000
4008 400.0000000000
4069 401.0000000000
4140 402.0000000000
4299 408.0000000000
4570 415.0000000000
4946 423.0000000000
5365 426.0000000000
5727 427.0000000000
5902 428.0000000000
5983 429.0000000000
7051 432.0000000000
14601 433.0000000000
16690 434.0000000000
17917 436.0000000000
18064 437.0000000000
19312 438.0000000000
20545 439.0000000000
23044 440.0000000000
34323 441.0000000000
100000 -5.0000000000
evaluations raw_y
1 -222.0000000000
2 -210.0000000000
10 -208.0000000000
12 -182.0000000000
40 -181.0000000000
61 -174.0000000000
73 -172.0000000000
90 -168.0000000000
111 -165.0000000000
129 -164.0000000000
146 -159.0000000000
155 -158.0000000000
171 -156.0000000000
186 -155.0000000000
189 -153.0000000000
194 -152.0000000000
204 -149.0000000000
216 -146.0000000000
243 -145.0000000000
252 -144.0000000000
273 -142.0000000000
300 -140.0000000000
308 -136.0000000000
350 -135.0000000000
358 -134.0000000000
365 -133.0000000000
374 -132.0000000000
390 -130.0000000000
414 -127.0000000000
431 -126.0000000000
447 -125.0000000000
462 -122.0000000000
483 -120.0000000000
518 -118.0000000000
537 -117.0000000000
538 -116.0000000000
541 -115.0000000000
554 -113.0000000000
571 -111.0000000000
572 -109.0000000000
632 -107.0000000000
649 -106.0000000000
671 -105.0000000000
672 -104.0000000000
688 -103.0000000000
695 -102.0000000000
716 -100.0000000000
729 -96.0000000000
798 -95.0000000000
810 -94.0000000000
848 -93.0000000000
859 -92.0000000000
872 -89.0000000000
902 -88.0000000000
925 -87.0000000000
931 -86.0000000000
942 -85.0000000000
976 -84.0000000000
993 -83.0000000000
1015 -82.0000000000
1029 -80.0000000000
1040 -79.0000000000
1065 -75.0000000000
1132 -73.0000000000
1181 -70.0000000000
1204 -69.0000000000
1225 -68.0000000000
1248 -67.0000000000
1269 -66.0000000000
1277 -65.0000000000
1301 -64.0000000000
1326 -63.0000000000
1335 -62.0000000000
1371 -61.0000000000
1385 -60.0000000000
1412 -59.0000000000
1438 -58.0000000000
1466 -55.0000000000
1495 -54.0000000000
1516 -52.0000000000
1522 -51.0000000000
1561 -50.0000000000
1579 -49.0000000000
1583 -48.0000000000
1617 -46.0000000000
1666 -45.0000000000
1669 -44.0000000000
1734 -43.0000000000
1743 -42.0000000000
1745 -41.0000000000
1767 -40.0000000000
1822 -39.0000000000
1847 -37.0000000000
1892 -36.0000000000
1916 -35.0000000000
1971 -34.0000000000
1986 -33.0000000000
2007 -32.0000000000
2028 -31.0000000000
2064 -30.0000000000
2118 -29.0000000000
2124 -28.0000000000
2147 -26.0000000000
2191 -25.0000000000
2246 -24.0000000000
2253 -23.0000000000
2318 -22.0000000000
2320 -21.0000000000
2433 -19.0000000000
2513 -18.0000000000
2566 -16.0000000000
2582 -14.0000000000
2655 -13.0000000000
2678 -12.0000000000
2721 -11.0000000000
2754 -10.0000000000
2813 -9.0000000000
2913 -8.0000000000
2933 -7.0000000000
3070 -6.0000000000
3115 -5.0000000000
3166 -4.0000000000
3177 -3.0000000000
3223 -2.0000000000
3291 -1.0000000000
3442 389.0000000000
3491 390.0000000000
3492 394.0000000000
3609 398.0000000000
3694 400.0000000000
3741 401.0000000000
3828 402.0000000000
3851 404.0000000000
4009 408.0000000000
4283 410.0000000000
4416 412.0000000000
4491 415.0000000000
4517 416.0000000000
5340 418.0000000000
5905 419.0000000000
6055 423.0000000000
6226 424.0000000000
6765 425.0000000000
7796 426.0000000000
8810 430.0000000000
8818 433.0000000000
8936 434.0000000000
9119 435.0000000000
10070 436.0000000000
10324 437.0000000000
29799 439.0000000000
32263 440.0000000000
52664 441.0000000000
53085 442.0000000000
63436 443.0000000000
100000 -2.0000000000
evaluations raw_y
1 -200.0000000000
14 -196.0000000000
33 -187.0000000000
57 -182.0000000000
80 -179.0000000000
81 -175.0000000000
91 -174.0000000000
104 -169.0000000000
112 -168.0000000000
120 -167.0000000000
127 -166.0000000000
132 -162.0000000000
134 -161.0000000000
149 -160.0000000000
150 -159.0000000000
167 -154.0000000000
192 -153.0000000000
194 -148.0000000000
196 -145.0000000000
232 -142.0000000000
247 -139.0000000000
260 -138.0000000000
263 -136.0000000000
279 -135.0000000000
290 -133.0000000000
316 -131.0000000000
325 -130.0000000000
337 -127.0000000000
343 -126.0000000000
368 -124.0000000000
385 -123.0000000000
400 -121.0000000000
402 -115.0000000000
450 -114.0000000000
469 -113.0000000000
471 -112.0000000000
489 -110.0000000000
516 -108.0000000000
557 -107.0000000000
566 -106.0000000000
578 -105.0000000000
611 -104.0000000000
614 -103.0000000000
627 -99.0000000000
640 -98.0000000000
657 -97.0000000000
704 -96.0000000000
731 -95.0000000000
740 -94.0000000000
767 -92.0000000000
794 -91.0000000000
796 -90.0000000000
798 -89.0000000000
821 -88.0000000000
827 -87.0000000000
843 -86.0000000000
863 -85.0000000000
904 -84.0000000000
912 -83.0000000000
945 -82.0000000000
946 -81.0000000000
971 -80.0000000000
982 -79.0000000000
996 -77.0000000000
1018 -76.0000000000
1053 -73.0000000000
1077 -72.0000000000
1088 -71.0000000000
1096 -70.0000000000
1123 -69.0000000000
1135 -68.0000000000
1145 -67.0000000000
1179 -63.0000000000
1257 -62.0000000000
1261 -61.0000000000
1299 -60.0000000000
1306 -59.0000000000
1337 -58.0000000000
1346 -57.0000000000
1381 -56.0000000000
1403 -55.0000000000
1422 -54.0000000000
1475 -53.0000000000
1477 -52.0000000000
1493 -51.0000000000
1505 -50.0000000000
1523 -48.0000000000
1568 -47.0000000000
1581 -46.0000000000
1598 -45.0000000000
1607 -44.0000000000
1645 -43.0000000000
1655 -42.0000000000
1665 -41.0000000000
1680 -40.0000000000
1709 -39.0000000000
1746 -38.0000000000
1747 -37.0000000000
1762 -36.0000000000
1800 -35.0000000000
1807 -32.0000000000
1847 -31.0000000000
1872 -30.0000000000
1912 -29.0000000000
1924 -28.0000000000
1930 -27.0000000000
1939 -26.0000000000
1968 -25.0000000000
1983 -24.0000000000
2001 -23.0000000000
2047 -22.0000000000
2056 -21.0000000000
2104 -20.0000000000
2149 -19.0000000000
2155 -18.0000000000
2183 -17.0000000000
2223 -16.0000000000
2243 -15.0000000000
2304 -13.0000000000
2327 -12.0000000000
2362 -11.0000000000
2384 -10.0000000000
2435 -9.0000000000
2507 -8.0000000000
2539 -7.0000000000
2582 -6.0000000000
2622 -5.0000000000
2709 -4.0000000000
2785 -3.0000000000
2874 -2.0000000000
2897 -1.0000000000
2977 387.0000000000
2995 390.0000000000
3034 393.0000000000
3035 410.0000000000
3080 418.0000000000
3453 420.0000000000
3685 424.0000000000
5002 425.0000000000
5203 426.0000000000
5322 427.0000000000
5416 429.0000000000
5728 431.0000000000
5958 436.0000000000
9709 437.0000000000
10555 438.0000000000
11481 440.0000000000
19561 441.0000000000
100000 -1.0000000000
evaluations raw_y
1 -218.0000000000
2 -212.0000000000
5 -194.0000000000
25 -189.0000000000
44 -186.0000000000
62 -178.0000000000
81 -175.0000000000
103 -174.0000000000
104 -170.0000000000
112 -165.0000000000
126 -164.0000000000
131 -163.0000000000
139 -160.0000000000
159 -159.0000000000
164 -156.0000000000
180 -150.0000000000
201 -149.0000000000
202 -148.0000000000
214 -146.0000000000
223 -145.0000000000
246 -144.0000000000
279 -141.0000000000
299 -139.0000000000
324 -136.0000000000
336 -135.0000000000
363 -134.0000000000
373 -133.0000000000
398 -131.0000000000
407 -130.0000000000
433 -128.0000000000
458 -127.0000000000
476 -123.0000000000
499 -122.0000000000
530 -121.0000000000
538 -120.0000000000
560 -119.0000000000
578 -117.0000000000
602 -116.0000000000
621 -115.0000000000
626 -113.0000000000
634 -112.0000000000
646 -111.0000000000
655 -110.0000000000
680 -106.0000000000
709 -105.0000000000
734 -104.0000000000
758 -103.0000000000
776 -102.0000000000
791 -100.0000000000
811 -99.0000000000
835 -97.0000000000
860 -96.0000000000
866 -94.0000000000
908 -92.0000000000
933 -87.0000000000
977 -86.0000000000
990 -85.0000000000
1023 -83.0000000000
1051 -82.0000000000
1090 -81.0000000000
1117 -80.0000000000
1123 -79.0000000000
1129 -78.0000000000
1154 -77.0000000000
1164 -76.0000000000
1194 -75.0000000000
1218 -74.0000000000
1224 -72.0000000000
1245 -71.0000000000
1256 -70.0000000000
1279 -68.0000000000
1322 -67.0000000000
1334 -65.0000000000
1373 -64.0000000000
1394 -63.0000000000
1413 -62.0000000000
1415 -61.0000000000
1460 -60.0000000000
1478 -57.0000000000
1481 -55.0000000000
1518 -54.0000000000
1550 -53.0000000000
1583 -52.0000000000
1605 -50.0000000000
1645 -49.0000000000
1676 -48.0000000000
1723 -47.0000000000
1743 -45.0000000000
1765 -44.0000000000
1767 -41.0000000000
1829 -40.0000000000
1864 -39.0000000000
1867 -38.0000000000
1906 -37.0000000000
1926 -35.0000000000
1970 -34.0000000000
2014 -32.0000000000
2037 -31.0000000000
2092 -30.0000000000
2115 -29.0000000000
2118 -27.0000000000
2190 -26.0000000000
2192 -23.0000000000
2268 -22.0000000000
2282 -21.0000000000
2332 -19.0000000000
2367 -18.0000000000
2388 -17.0000000000
2406 -15.0000000000
2502 -13.0000000000
2560 -12.0000000000
2646 -11.0000000000
2679 -10.0000000000
2744 -9.0000000000
2771 -8.0000000000
2806 -7.0000000000
2875 -6.0000000000
2947 -5.0000000000
2994 -4.0000000000
3047 -3.0000000000
3095 -2.0000000000
3147 -1.0000000000
3199 379.0000000000
3210 381.0000000000
3221 392.0000000000
3329 393.0000000000
3343 394.0000000000
3422 397.0000000000
3466 400.0000000000
3488 402.0000000000
3559 404.0000000000
3647 406.0000000000
3780 408.0000000000
3841 409.0000000000
3916 410.0000000000
4009 412.0000000000
4031 415.0000000000
4139 416.0000000000
4206 419.0000000000
4237 420.0000000000
4371 423.0000000000
4472 424.0000000000
4779 425.0000000000
4975 427.0000000000
5952 428.0000000000
6119 430.0000000000
6224 432.0000000000
7364 434.0000000000
7401 435.0000000000
11845 437.0000000000
13392 438.0000000000
17456 439.0000000000
36570 440.0000000000
58451 441.0000000000
73962 442.0000000000
87663 444.0000000000
100000 -1.0000000000
evaluations raw_y
1 -209.0000000000
2 -208.0000000000
3 -206.0000000000
5 -194.0000000000
34 -193.0000000000
45 -191.0000000000
55 -190.0000000000
61 -184.0000000000
71 -181.0000000000
89 -178.0000000000
90 -174.0000000000
108 -172.0000000000
115 -170.0000000000
134 -165.0000000000
152 -162.0000000000
182 -161.0000000000
202 -158.0000000000
213 -157.0000000000
232 -155.0000000000
241 -154.0000000000
261 -153.0000000000
264 -152.0000000000
271 -148.0000000000
301 -147.0000000000
302 -146.0000000000
305 -143.0000000000
325 -142.0000000000
329 -139.0000000000
351 -137.0000000000
373 -136.0000000000
380 -133.0000000000
419 -132.0000000000
421 -129.0000000000
432 -128.0000000000
480 -127.0000000000
482 -126.0000000000
498 -125.0000000000
504 -124.0000000000
529 -122.0000000000
556 -121.0000000000
561 -120.0000000000
573 -119.0000000000
581 -118.0000000000
602 -117.0000000000
639 -114.0000000000
641 -113.0000000000
651 -111.0000000000
683 -110.0000000000
700 -108.0000000000
701 -107.0000000000
724 -106.0000000000
745 -105.0000000000
763 -104.0000000000
774 -103.0000000000
793 -101.0000000000
834 -100.0000000000
868 -99.0000000000
884 -98.0000000000
895 -95.0000000000
926 -94.0000000000
939 -93.0000000000
946 -92.0000000000
969 -89.0000000000
996 -88.0000000000
1012 -87.0000000000
1030 -86.0000000000
1067 -85.0000000000
1077 -83.0000000000
1136 -82.0000000000
1141 -81.0000000000
1152 -79.0000000000
1174 -78.0000000000
1184 -77.0000000000
1196 -76.0000000000
1209 -75.0000000000
1214 -73.0000000000
1233 -72.0000000000
1254 -70.0000000000
1285 -69.0000000000
1309 -68.0000000000
1324 -67.0000000000
1362 -66.0000000000
1372 -65.0000000000
1381 -64.0000000000
1394 -62.0000000000
1412 -60.0000000000
1445 -59.0000000000
1454 -57.0000000000
1524 -55.0000000000
1566 -54.0000000000
1587 -51.0000000000
1600 -50.0000000000
1621 -49.0000000000
1659 -48.0000000000
1675 -46.0000000000
1723 -45.0000000000
1731 -44.0000000000
1783 -43.0000000000
1801 -41.0000000000
1836 -40.0000000000
1858 -38.0000000000
1905 -37.0000000000
1921 -35.0000000000
1941 -34.0000000000
1990 -33.0000000000
2011 -32.0000000000
2023 -29.0000000000
2053 -27.0000000000
2081 -26.0000000000
2127 -24.0000000000
2137 -23.0000000000
2177 -22.0000000000
2181 -21.0000000000
2229 -20.0000000000
2262 -19.0000000000
2302 -17.0000000000
2385 -16.0000000000
2405 -15.0000000000
2449 -14.0000000000
2489 -13.0000000000
2544 -12.0000000000
2589 -10.0000000000
2640 -9.0000000000
2706 -8.0000000000
2748 -7.0000000000
2772 -5.0000000000
2834 -3.0000000000
2931 -2.0000000000
2948 -1.0000000000
2992 356.0000000000
3002 366.0000000000
3046 372.0000000000
3070 374.0000000000
3090 375.0000000000
3111 376.0000000000
3130 386.0000000000
3220 388.0000000000
3235 393.0000000000
3313 399.0000000000
3401 401.0000000000
3450 404.0000000000
3532 407.0000000000
3550 409.0000000000
3673 411.0000000000
3755 412.0000000000
3828 414.0000000000
3852 415.0000000000
3886 416.0000000000
3939 417.0000000000
4471 418.0000000000
4622 421.0000000000
5640 426.0000000000
5763 428.0000000000
5779 429.0000000000
7833 431.0000000000
30698 432.0000000000
35797 433.0000000000
43481 434.0000000000
45290 435.0000000000
51759 436.0000000000
60129 437.0000000000
66273 438.0000000000
70700 440.0000000000
100000 426.0000000000
evaluations raw_y
1 -213.0000000000
5 -207.0000000000
12 -203.0000000000
22 -202.0000000000
32 -197.0000000000
41 -191.0000000000
61 -179.0000000000
103 -170.0000000000
145 -169.0000000000
157 -168.0000000000
164 -167.0000000000
178 -166.0000000000
180 -164.0000000000
184 -162.0000000000
196 -161.0000000000
213 -159.0000000000
217 -158.0000000000
228 -156.0000000000
248 -153.0000000000
258 -152.0000000000
263 -151.0000000000
267 -150.0000000000
279 -147.0000000000
286 -144.0000000000
293 -143.0000000000
311 -139.0000000000
331 -138.0000000000
351 -137.0000000000
356 -135.0000000000
402 -131.0000000000
434 -129.0000000000
447 -128.0000000000
453 -127.0000000000
464 -126.0000000000
485 -125.0000000000
487 -124.0000000000
488 -122.0000000000
492 -120.0000000000
526 -118.0000000000
528 -117.0000000000
531 -114.0000000000
561 -112.0000000000
576 -109.0000000000
606 -107.0000000000
620 -105.0000000000
628 -104.0000000000
644 -103.0000000000
686 -102.0000000000
691 -101.0000000000
718 -100.0000000000
727 -97.0000000000
765 -96.0000000000
785 -94.0000000000
801 -93.0000000000
813 -92.0000000000
830 -90.0000000000
863 -89.0000000000
864 -88.0000000000
896 -86.0000000000
914 -85.0000000000
916 -84.0000000000
977 -82.0000000000
991 -80.0000000000
1013 -78.0000000000
1060 -77.0000000000
1065 -76.0000000000
1068 -75.0000000000
1075 -74.0000000000
1097 -73.0000000000
1109 -70.0000000000
1110 -69.0000000000
1143 -68.0000000000
1156 -65.0000000000
1205 -64.0000000000
1217 -63.0000000000
1231 -62.0000000000
1242 -61.0000000000
1272 -59.0000000000
1286 -58.0000000000
1296 -57.0000000000
1321 -56.0000000000
1328 -55.0000000000
1369 -53.0000000000
1381 -52.0000000000
1420 -50.0000000000
1461 -48.0000000000
1486 -47.0000000000
1534 -46.0000000000
1549 -44.0000000000
1572 -42.0000000000
1664 -41.0000000000
1698 -40.0000000000
1752 -39.0000000000
1770 -36.0000000000
1813 -34.0000000000
1843 -33.0000000000
1868 -32.0000000000
1907 -30.0000000000
1973 -28.0000000000
2022 -27.0000000000
2029 -26.0000000000
2070 -25.0000000000
2074 -24.0000000000
2085 -23.0000000000
2125 -21.0000000000
2153 -19.0000000000
2192 -18.0000000000
2255 -17.0000000000
2268 -16.0000000000
2321 -15.0000000000
2353 -14.0000000000
2384 -13.0000000000
2433 -11.0000000000
2476 -10.0000000000
2531 -9.0000000000
2551 -8.0000000000
2574 -7.0000000000
2582 -6.0000000000
2620 -5.0000000000
2672 -4.0000000000
2729 -2.0000000000
2775 -1.0000000000
2839 389.0000000000
2875 394.0000000000
3002 395.0000000000
3039 397.0000000000
3331 399.0000000000
3458 404.0000000000
3928 410.0000000000
4790 414.0000000000
4929 415.0000000000
6246 418.0000000000
6421 419.0000000000
6550 420.0000000000
6761 424.0000000000
8051 426.0000000000
8786 427.0000000000
9091 430.0000000000
10274 431.0000000000
10632 432.0000000000
12407 433.0000000000
13586 434.0000000000
15647 437.0000000000
17937 438.0000000000
28273 439.0000000000
32112 440.0000000000
34873 443.0000000000
100000 -1.0000000000
evaluations raw_y
1 -218.0000000000
2 -213.0000000000
6 -193.0000000000
21 -191.0000000000
49 -189.0000000000
53 -184.0000000000
65 -183.0000000000
76 -182.0000000000
79 -178.0000000000
84 -176.0000000000
91 -175.0000000000
92 -174.0000000000
113 -173.0000000000
125 -168.0000000000
134 -167.0000000000
157 -166.0000000000
165 -158.0000000000
221 -157.0000000000
236 -156.0000000000
237 -155.0000000000
251 -153.0000000000
257 -148.0000000000
297 -146.0000000000
311 -145.0000000000
322 -144.0000000000
365 -143.0000000000
381 -142.0000000000
410 -141.0000000000
420 -140.0000000000
421 -139.0000000000
447 -138.0000000000
463 -137.0000000000
466 -136.0000000000
490 -135.0000000000
496 -134.0000000000
507 -133.0000000000
511 -132.0000000000
532 -130.0000000000
556 -129.0000000000
571 -128.0000000000
600 -125.0000000000
621 -124.0000000000
661 -122.0000000000
675 -120.0000000000
692 -119.0000000000
718 -118.0000000000
734 -116.0000000000
794 -115.0000000000
801 -114.0000000000
815 -113.0000000000
847 -112.0000000000
855 -111.0000000000
870 -110.0000000000
880 -109.0000000000
888 -108.0000000000
900 -107.0000000000
915 -105.0000000000
975 -103.0000000000
992 -102.0000000000
1001 -100.0000000000
1026 -99.0000000000
1037 -98.0000000000
1068 -97.0000000000
1081 -96.0000000000
1110 -95.0000000000
1114 -94.0000000000
1125 -93.0000000000
1146 -92.0000000000
1161 -89.0000000000
1185 -87.0000000000
1216 -84.0000000000
1258 -83.0000000000
1269 -82.0000000000
1287 -81.0000000000
1294 -80.0000000000
1311 -79.0000000000
1343 -78.0000000000
1376 -77.0000000000
1414 -76.0000000000
1424 -75.0000000000
1454 -74.0000000000
1470 -73.0000000000
1482 -71.0000000000
1521 -70.0000000000
1549 -68.0000000000
1567 -67.0000000000
1593 -65.0000000000
1635 -63.0000000000
1664 -62.0000000000
1693 -61.0000000000
1708 -60.0000000000
1747 -59.0000000000
1771 -58.0000000000
1798 -57.0000000000
1811 -54.0000000000
1867 -53.0000000000
1900 -52.0000000000
1922 -51.0000000000
1934 -50.0000000000
1974 -49.0000000000
1989 -48.0000000000
1997 -47.0000000000
2023 -46.0000000000
2035 -45.0000000000
2054 -44.0000000000
2065 -42.0000000000
2081 -41.0000000000
2092 -40.0000000000
2125 -38.0000000000
2157 -37.0000000000
2182 -36.0000000000
2203 -35.0000000000
2208 -34.0000000000
2247 -33.0000000000
2278 -32.0000000000
2290 -31.0000000000
2311 -29.0000000000
2389 -28.0000000000
2427 -27.0000000000
2440 -25.0000000000
2494 -24.0000000000
2537 -23.0000000000
2558 -22.0000000000
2604 -21.0000000000
2611 -20.0000000000
2683 -19.0000000000
2694 -18.0000000000
2720 -17.0000000000
2757 -16.0000000000
2770 -15.0000000000
2806 -14.0000000000
2864 -13.0000000000
2917 -12.0000000000
2935 -11.0000000000
2970 -10.0000000000
3002 -8.0000000000
3074 -6.0000000000
3126 -5.0000000000
3128 -4.0000000000
3148 -3.0000000000
3215 -2.0000000000
3232 -1.0000000000
3289 382.0000000000
3290 384.0000000000
3309 389.0000000000
3446 390.0000000000
3448 398.0000000000
3456 405.0000000000
3511 409.0000000000
3942 413.0000000000
4054 415.0000000000
4297 416.0000000000
4425 417.0000000000
4602 418.0000000000
4727 423.0000000000
5131 425.0000000000
5227 426.0000000000
7093 427.0000000000
7564 429.0000000000
8565 430.0000000000
9472 431.0000000000
9739 432.0000000000
11617 433.0000000000
15369 434.0000000000
18006 435.0000000000
18190 436.0000000000
18366 438.0000000000
19661 439.0000000000
31792 440.0000000000
37625 441.0000000000
100000 -4.0000000000
evaluations raw_y
1 -239.0000000000
2 -225.0000000000
3 -211.0000000000
7 -199.0000000000
14 -197.0000000000
23 -196.0000000000
29 -192.0000000000
54 -187.0000000000
61 -186.0000000000
68 -181.0000000000
93 -178.0000000000
108 -174.0000000000
110 -173.0000000000
116 -171.0000000000
129 -169.0000000000
131 -166.0000000000
139 -159.0000000000
162 -154.0000000000
191 -152.0000000000
194 -147.0000000000
211 -145.0000000000
264 -143.0000000000
268 -139.0000000000
286 -135.0000000000
301 -134.0000000000
313 -132.0000000000
326 -131.0000000000
333 -130.0000000000
345 -128.0000000000
357 -127.0000000000
358 -126.0000000000
379 -125.0000000000
380 -123.0000000000
396 -122.0000000000
429 -120.0000000000
441 -119.0000000000
458 -118.0000000000
470 -117.0000000000
496 -115.0000000000
498 -114.0000000000
517 -113.0000000000
533 -110.0000000000
555 -109.0000000000
594 -108.0000000000
602 -107.0000000000
603 -105.0000000000
635 -104.0000000000
642 -101.0000000000
658 -100.0000000000
675 -99.0000000000
682 -98.0000000000
697 -97.0000000000
702 -96.0000000000
726 -95.0000000000
733 -94.0000000000
737 -93.0000000000
751 -90.0000000000
771 -89.0000000000
796 -87.0000000000
817 -86.0000000000
818 -85.0000000000
821 -84.0000000000
830 -83.0000000000
865 -81.0000000000
878 -80.0000000000
885 -79.0000000000
896 -78.0000000000
901 -77.0000000000
908 -76.0000000000
918 -75.0000000000
938 -74.0000000000
956 -73.0000000000
985 -71.0000000000
997 -69.0000000000
1043 -67.0000000000
1071 -65.0000000000
1091 -63.0000000000
1114 -62.0000000000
1158 -61.0000000000
1167 -60.0000000000
1202 -56.0000000000
1216 -55.0000000000
1234 -54.0000000000
1281 -53.0000000000
1318 -52.0000000000
1335 -51.0000000000
1354 -50.0000000000
1408 -47.0000000000
1440 -46.0000000000
1452 -44.0000000000
1491 -43.0000000000
1544 -41.0000000000
1607 -40.0000000000
1614 -39.0000000000
1623 -38.0000000000
1670 -35.0000000000
1722 -34.0000000000
1733 -33.0000000000
1755 -32.0000000000
1776 -31.0000000000
1804 -30.0000000000
1806 -29.0000000000
1840 -28.0000000000
1878 -27.0000000000
1887 -26.0000000000
1893 -25.0000000000
1961 -24.0000000000
1962 -23.0000000000
1981 -22.0000000000
2008 -21.0000000000
2049 -20.0000000000
2083 -19.0000000000
2109 -18.0000000000
2141 -17.0000000000
2183 -16.0000000000
2214 -15.0000000000
2228 -14.0000000000
2243 -13.0000000000
2273 -12.0000000000
2301 -11.0000000000
2330 -10.0000000000
2453 -9.0000000000
2461 -8.0000000000
2520 -6.0000000000
2528 -5.0000000000
2596 -4.0000000000
2610 -3.0000000000
2624 -2.0000000000
2644 -1.0000000000
2700 396.0000000000
2725 400.0000000000
2730 401.0000000000
2757 404.0000000000
2770 406.0000000000
2885 408.0000000000
3235 411.0000000000
3381 417.0000000000
3516 422.0000000000
4589 423.0000000000
5665 424.0000000000
5981 425.0000000000
9369 427.0000000000
9401 429.0000000000
12563 430.0000000000
12844 433.0000000000
15890 435.0000000000
16585 436.0000000000
27713 437.0000000000
31538 438.0000000000
31594 440.0000000000
38104 442.0000000000
44209 443.0000000000
100000 -3.0000000000
evaluations raw_y
1 -209.0000000000
4 -208.0000000000
12 -203.0000000000
31 -201.0000000000
35 -195.0000000000
42 -192.0000000000
54 -188.0000000000
62 -186.0000000000
77 -185.0000000000
87 -184.0000000000
93 -181.0000000000
101 -177.0000000000
127 -167.0000000000
157 -165.0000000000
171 -163.0000000000
191 -161.0000000000
209 -159.0000000000
224 -156.0000000000
229 -154.0000000000
246 -153.0000000000
260 -151.0000000000
283 -150.0000000000
284 -149.0000000000
310 -148.0000000000
311 -143.0000000000
338 -142.0000000000
353 -141.0000000000
375 -140.0000000000
401 -139.0000000000
411 -136.0000000000
441 -135.0000000000
458 -133.0000000000
467 -130.0000000000
495 -129.0000000000
502 -128.0000000000
534 -127.0000000000
546 -125.0000000000
568 -124.0000000000
574 -119.0000000000
619 -116.0000000000
630 -115.0000000000
631 -114.0000000000
644 -113.0000000000
661 -109.0000000000
692 -105.0000000000
706 -104.0000000000
752 -98.0000000000
778 -97.0000000000
799 -96.0000000000
810 -95.0000000000
827 -92.0000000000
835 -91.0000000000
842 -90.0000000000
872 -88.0000000000
902 -86.0000000000
916 -84.0000000000
943 -83.0000000000
967 -82.0000000000
988 -81.0000000000
998 -80.0000000000
1019 -78.0000000000
1027 -76.0000000000
1063 -75.0000000000
1104 -74.0000000000
1111 -73.0000000000
1117 -72.0000000000
1157 -71.0000000000
1190 -69.0000000000
1207 -68.0000000000
1217 -67.0000000000
1234 -66.0000000000
1241 -64.0000000000
1277 -63.0000000000
1304 -61.0000000000
1312 -60.0000000000
1350 -59.0000000000
1374 -58.0000000000
1391 -57.0000000000
1405 -56.0000000000
1427 -54.0000000000
1452 -52.0000000000
1479 -51.0000000000
1501 -48.0000000000
1526 -47.0000000000
1541 -46.0000000000
1547 -45.0000000000
1582 -44.0000000000
1601 -43.0000000000
1636 -41.0000000000
1652 -40.0000000000
1690 -39.0000000000
1699 -38.0000000000
1784 -37.0000000000
1793 -35.0000000000
1854 -32.0000000000
1882 -30.0000000000
1940 -29.0000000000
1965 -28.0000000000
1994 -27.0000000000
2037 -26.0000000000
2054 -25.0000000000
2080 -24.0000000000
2092 -21.0000000000
2183 -20.0000000000
2237 -19.0000000000
2282 -18.0000000000
2312 -17.0000000000
2347 -16.0000000000
2362 -15.0000000000
2383 -13.0000000000
2498 -12.0000000000
2521 -11.0000000000
2563 -10.0000000000
2615 -9.0000000000
2646 -8.0000000000
2682 -7.0000000000
2727 -6.0000000000
2885 -5.0000000000
2901 -4.0000000000
2956 -3.0000000000
3023 -1.0000000000
3068 363.0000000000
3077 364.0000000000
3125 381.0000000000
3142 382.0000000000
3243 385.0000000000
3285 387.0000000000
3303 390.0000000000
3384 391.0000000000
3486 393.0000000000
3530 397.0000000000
3604 400.0000000000
3748 401.0000000000
3873 403.0000000000
3996 404.0000000000
4052 405.0000000000
4127 410.0000000000
4130 412.0000000000
4318 415.0000000000
4762 418.0000000000
4887 419.0000000000
5020 421.0000000000
5234 423.0000000000
6388 425.0000000000
6811 426.0000000000
6972 428.0000000000
9002 429.0000000000
9164 430.0000000000
9233 431.0000000000
9478 435.0000000000
10165 436.0000000000
10915 439.0000000000
11693 441.0000000000
55404 443.0000000000
100000 -1.0000000000
evaluations raw_y
1 -210.0000000000
3 -204.0000000000
10 -203.0000000000
13 -195.0000000000
29 -193.0000000000
31 -182.0000000000
57 -176.0000000000
79 -175.0000000000
83 -172.0000000000
94 -171.0000000000
96 -170.0000000000
108 -169.0000000000
117 -159.0000000000
139 -157.0000000000
156 -156.0000000000
160 -154.0000000000
167 -153.0000000000
185 -148.0000000000
207 -147.0000000000
221 -146.0000000000
236 -145.0000000000
243 -143.0000000000
274 -139.0000000000
292 -138.0000000000
315 -137.0000000000
321 -136.0000000000
330 -134.0000000000
353 -133.0000000000
361 -131.0000000000
401 -130.0000000000
428 -129.0000000000
451 -128.0000000000
459 -126.0000000000
461 -124.0000000000
464 -123.0000000000
497 -121.0000000000
502 -120.0000000000
538 -117.0000000000
572 -116.0000000000
603 -115.0000000000
613 -113.0000000000
630 -112.0000000000
655 -110.0000000000
667 -109.0000000000
679 -108.0000000000
702 -107.0000000000
723 -106.0000000000
733 -105.0000000000
749 -104.0000000000
762 -103.0000000000
774 -102.0000000000
778 -100.0000000000
834 -99.0000000000
841 -98.0000000000
844 -96.0000000000
862 -94.0000000000
902 -93.0000000000
915 -90.0000000000
944 -89.0000000000
955 -86.0000000000
997 -85.0000000000
1006 -83.0000000000
1044 -82.0000000000
1050 -80.0000000000
1083 -78.0000000000
1133 -77.0000000000
1144 -76.0000000000
1157 -73.0000000000
1189 -72.0000000000
1194 -71.0000000000
1227 -70.0000000000
1276 -68.0000000000
1308 -66.0000000000
1343 -65.0000000000
1360 -64.0000000000
1379 -63.0000000000
1406 -62.0000000000
1438 -61.0000000000
1492 -60.0000000000
1506 -57.0000000000
1583 -56.0000000000
1593 -55.0000000000
1644 -54.0000000000
1660 -53.0000000000
1705 -52.0000000000
1706 -50.0000000000
1718 -48.0000000000
1768 -47.0000000000
1777 -46.0000000000
1801 -45.0000000000
1822 -44.0000000000
1856 -43.0000000000
1862 -42.0000000000
1886 -41.0000000000
1892 -40.0000000000
1941 -39.0000000000
1969 -38.0000000000
2000 -36.0000000000
2034 -34.0000000000
2093 -33.0000000000
2142 -32.0000000000
2154 -31.0000000000
2158 -30.0000000000
2166 -28.0000000000
2212 -25.0000000000
2284 -24.0000000000
2309 -23.0000000000
2318 -22.0000000000
2374 -21.0000000000
2404 -20.0000000000
2447 -19.0000000000
2482 -18.0000000000
2503 -17.0000000000
2581 -16.0000000000
2593 -15.0000000000
2607 -14.0000000000
2621 -13.0000000000
2676 -12.0000000000
2701 -11.0000000000
2726 -10.0000000000
2738 -8.0000000000
2826 -7.0000000000
2856 -6.0000000000
2983 -5.0000000000
3016 -4.0000000000
3052 -3.0000000000
3321 -2.0000000000
3357 374.0000000000
3377 384.0000000000
3379 390.0000000000
3423 391.0000000000
3442 396.0000000000
3453 404.0000000000
3544 407.0000000000
3739 409.0000000000
3779 413.0000000000
3818 414.0000000000
3938 415.0000000000
4073 422.0000000000
4867 424.0000000000
4924 425.0000000000
5017 426.0000000000
5168 427.0000000000
5372 428.0000000000
6099 431.0000000000
6898 432.0000000000
11710 433.0000000000
12932 435.0000000000
14723 436.0000000000
15068 438.0000000000
20998 439.0000000000
21074 440.0000000000
76788 442.0000000000
100000 -4.0000000000
evaluations raw_y
1 -228.0000000000
2 -212.0000000000
3 -206.0000000000
7 -205.0000000000
8 -199.0000000000
24 -196.0000000000
37 -195.0000000000
41 -191.0000000000
56 -189.0000000000
62 -182.0000000000
71 -181.0000000000
93 -180.0000000000
95 -178.0000000000
108 -177.0000000000
116 -176.0000000000
118 -173.0000000000
128 -172.0000000000
130 -171.0000000000
142 -165.0000000000
146 -163.0000000000
156 -156.0000000000
181 -154.0000000000
200 -153.0000000000
203 -148.0000000000
237 -147.0000000000
245 -144.0000000000
278 -141.0000000000
279 -138.0000000000
300 -137.0000000000
313 -136.0000000000
333 -135.0000000000
343 -133.0000000000
371 -132.0000000000
393 -131.0000000000
411 -130.0000000000
432 -129.0000000000
437 -128.0000000000
455 -126.0000000000
477 -125.0000000000
494 -124.0000000000
504 -123.0000000000
508 -122.0000000000
510 -120.0000000000
523 -119.0000000000
551 -116.0000000000
584 -115.0000000000
603 -114.0000000000
619 -113.0000000000
643 -109.0000000000
673 -107.0000000000
720 -105.0000000000
725 -104.0000000000
743 -103.0000000000
776 -102.0000000000
783 -101.0000000000
802 -100.0000000000
808 -99.0000000000
843 -98.0000000000
853 -96.0000000000
876 -95.0000000000
896 -93.0000000000
903 -92.0000000000
909 -91.0000000000
911 -90.0000000000
933 -89.0000000000
948 -88.0000000000
964 -87.0000000000
972 -85.0000000000
1007 -84.0000000000
1019 -83.0000000000
1037 -81.0000000000
1054 -79.0000000000
1082 -77.0000000000
1101 -75.0000000000
1125 -73.0000000000
1171 -72.0000000000
1177 -71.0000000000
1195 -70.0000000000
1210 -69.0000000000
1247 -67.0000000000
1280 -65.0000000000
1299 -63.0000000000
1321 -62.0000000000
1345 -60.0000000000
1402 -58.0000000000
1427 -57.0000000000
1478 -56.0000000000
1500 -54.0000000000
1507 -53.0000000000
1535 -52.0000000000
1623 -51.0000000000
1629 -50.0000000000
1666 -47.0000000000
1679 -46.0000000000
1720 -44.0000000000
1737 -43.0000000000
1751 -42.0000000000
1805 -41.0000000000
1824 -40.0000000000
1833 -39.0000000000
1838 -38.0000000000
1920 -37.0000000000
1927 -35.0000000000
1941 -34.0000000000
1972 -33.0000000000
1994 -32.0000000000
2020 -31.0000000000
2088 -30.0000000000
2103 -29.0000000000
2129 -27.0000000000
2195 -26.0000000000
2251 -25.0000000000
2276 -24.0000000000
2292 -23.0000000000
2321 -22.0000000000
2353 -20.0000000000
2423 -19.0000000000
2442 -18.0000000000
2477 -17.0000000000
2491 -16.0000000000
2549 -15.0000000000
2554 -14.0000000000
2574 -13.0000000000
2623 -12.0000000000
2708 -11.0000000000
2733 -10.0000000000
2769 -9.0000000000
2860 -8.0000000000
2935 -7.0000000000
2964 -6.0000000000
3065 -5.0000000000
3109 -4.0000000000
3142 -2.0000000000
3237 -1.0000000000
3349 391.0000000000
3497 397.0000000000
3538 402.0000000000
4207 405.0000000000
4404 406.0000000000
4627 407.0000000000
4643 408.0000000000
4763 409.0000000000
5046 412.0000000000
5134 416.0000000000
5973 417.0000000000
6000 418.0000000000
6329 422.0000000000
6788 424.0000000000
8258 427.0000000000
8304 429.0000000000
9415 430.0000000000
10488 431.0000000000
15434 432.0000000000
16245 433.0000000000
29278 435.0000000000
40166 436.0000000000
60618 437.0000000000
67090 438.0000000000
75520 440.0000000000
100000 -2.0000000000
evaluations raw_y
1 -201.0000000000
14 -197.0000000000
26 -196.0000000000
46 -191.0000000000
51 -190.0000000000
73 -189.0000000000
74 -176.0000000000
91 -175.0000000000
99 -171.0000000000
102 -170.0000000000
131 -165.0000000000
142 -158.0000000000
165 -156.0000000000
176 -154.0000000000
195 -153.0000000000
207 -151.0000000000
220 -150.0000000000
222 -147.0000000000
234 -146.0000000000
242 -145.0000000000
257 -144.0000000000
261 -143.0000000000
265 -141.0000000000
283 -138.0000000000
298 -134.0000000000
329 -131.0000000000
349 -130.0000000000
351 -129.0000000000
366 -128.0000000000
384 -126.0000000000
402 -122.0000000000
434 -121.0000000000
463 -120.0000000000
470 -119.0000000000
482 -118.0000000000
498 -117.0000000000
510 -115.0000000000
525 -114.0000000000
567 -112.0000000000
607 -109.0000000000
651 -108.0000000000
655 -107.0000000000
662 -106.0000000000
683 -103.0000000000
759 -102.0000000000
764 -101.0000000000
782 -100.0000000000
801 -95.0000000000
852 -94.0000000000
861 -92.0000000000
894 -91.0000000000
921 -90.0000000000
936 -86.0000000000
943 -85.0000000000
999 -83.0000000000
1016 -82.0000000000
1042 -81.0000000000
1080 -80.0000000000
1091 -77.0000000000
1109 -76.0000000000
1127 -75.0000000000
1145 -74.0000000000
1165 -73.0000000000
1194 -72.0000000000
1203 -71.0000000000
1222 -70.0000000000
1271 -69.0000000000
1305 -67.0000000000
1334 -65.0000000000
1383 -64.0000000000
1411 -63.0000000000
1431 -62.0000000000
1448 -60.0000000000
1477 -59.0000000000
1511 -58.0000000000
1569 -56.0000000000
1597 -55.0000000000
1614 -54.0000000000
1625 -52.0000000000
1648 -50.0000000000
1704 -49.0000000000
1730 -48.0000000000
1760 -47.0000000000
1764 -46.0000000000
1798 -45.0000000000
1812 -44.0000000000
1833 -43.0000000000
1851 -40.0000000000
1893 -39.0000000000
1897 -38.0000000000
1902 -37.0000000000
1925 -36.0000000000
1952 -34.0000000000
1977 -33.0000000000
2048 -32.0000000000
2074 -30.0000000000
2161 -29.0000000000
2195 -28.0000000000
2225 -27.0000000000
2251 -26.0000000000
2254 -25.0000000000
2311 -23.0000000000
2362 -22.0000000000
2414 -21.0000000000
2441 -20.0000000000
2465 -19.0000000000
2501 -18.0000000000
2579 -16.0000000000
2616 -15.0000000000
2684 -13.0000000000
2779 -12.0000000000
2884 -10.0000000000
2954 -9.0000000000
2980 -8.0000000000
3047 -6.0000000000
3109 -5.0000000000
3198 -4.0000000000
3235 -3.0000000000
3256 -2.0000000000
3301 -1.0000000000
3354 387.0000000000
3427 403.0000000000
3520 404.0000000000
3639 406.0000000000
3686 408.0000000000
3692 412.0000000000
3753 415.0000000000
3849 416.0000000000
3966 417.0000000000
4707 419.0000000000
5463 420.0000000000
6160 421.0000000000
6182 424.0000000000
7334 426.0000000000
7584 427.0000000000
7937 429.0000000000
7967 430.0000000000
8082 431.0000000000
12123 432.0000000000
12997 434.0000000000
17357 436.0000000000
26452 437.0000000000
40695 438.0000000000
52416 439.0000000000
56883 440.0000000000
71979 441.0000000000
100000 381.0000000000
evaluations raw_y
1 -228.0000000000
2 -202.0000000000
3 -196.0000000000
29 -180.0000000000
56 -175.0000000000
67 -170.0000000000
68 -160.0000000000
109 -156.0000000000
117 -153.0000000000
141 -152.0000000000
145 -151.0000000000
159 -146.0000000000
187 -143.0000000000
196 -139.0000000000
207 -138.0000000000
234 -136.0000000000
265 -131.0000000000
272 -130.0000000000
275 -129.0000000000
302 -128.0000000000
310 -127.0000000000
321 -125.0000000000
336 -123.0000000000
365 -122.0000000000
374 -121.0000000000
386 -120.0000000000
399 -119.0000000000
407 -118.0000000000
422 -115.0000000000
427 -114.0000000000
455 -113.0000000000
464 -112.0000000000
485 -111.0000000000
505 -107.0000000000
551 -106.0000000000
559 -105.0000000000
562 -104.0000000000
570 -101.0000000000
615 -96.0000000000
668 -93.0000000000
714 -91.0000000000
766 -89.0000000000
769 -86.0000000000
792 -84.0000000000
804 -83.0000000000
858 -82.0000000000
874 -81.0000000000
911 -80.0000000000
933 -79.0000000000
946 -75.0000000000
995 -73.0000000000
1010 -72.0000000000
1043 -71.0000000000
1051 -70.0000000000
1075 -68.0000000000
1108 -67.0000000000
1123 -66.0000000000
1145 -65.0000000000
1170 -64.0000000000
1177 -63.0000000000
1195 -62.0000000000
1213 -60.0000000000
1236 -57.0000000000
1272 -56.0000000000
1315 -55.0000000000
1341 -54.0000000000
1356 -53.0000000000
1364 -52.0000000000
1399 -50.0000000000
1417 -49.0000000000
1461 -48.0000000000
1502 -47.0000000000
1525 -46.0000000000
1531 -45.0000000000
1566 -44.0000000000
1595 -43.0000000000
1616 -42.0000000000
1620 -41.0000000000
1639 -40.0000000000
1672 -38.0000000000
1706 -37.0000000000
1726 -35.0000000000
1764 -34.0000000000
1766 -33.0000000000
1792 -32.0000000000
1809 -31.0000000000
1884 -30.0000000000
1885 -29.0000000000
1916 -27.0000000000
1921 -25.0000000000
2005 -24.0000000000
2065 -22.0000000000
2116 -21.0000000000
2162 -20.0000000000
2208 -19.0000000000
2274 -18.0000000000
2299 -17.0000000000
2317 -16.0000000000
2349 -15.0000000000
2362 -14.0000000000
2445 -13.0000000000
2478 -12.0000000000
2503 -10.0000000000
2535 -9.0000000000
2576 -8.0000000000
2579 -7.0000000000
2654 -6.0000000000
2747 -5.0000000000
2782 -4.0000000000
2812 -3.0000000000
2813 -2.0000000000
2822 363.0000000000
2889 381.0000000000
2920 387.0000000000
2933 392.0000000000
3109 395.0000000000
3166 398.0000000000
3342 405.0000000000
3780 409.0000000000
4038 412.0000000000
4064 416.0000000000
4319 417.0000000000
4529 418.0000000000
4649 419.0000000000
4665 422.0000000000
4764 423.0000000000
4906 425.0000000000
6998 426.0000000000
8750 428.0000000000
13194 429.0000000000
13674 430.0000000000
13825 433.0000000000
14015 434.0000000000
14056 435.0000000000
14413 437.0000000000
39320 439.0000000000
58463 440.0000000000
71834 441.0000000000
75803 443.0000000000
100000 -2.0000000000
evaluations raw_y
1 -208.0000000000
21 -204.0000000000
25 -203.0000000000
26 -197.0000000000
61 -195.0000000000
70 -187.0000000000
104 -185.0000000000
121 -183.0000000000
139 -181.0000000000
143 -177.0000000000
157 -176.0000000000
178 -171.0000000000
189 -166.0000000000
203 -164.0000000000
222 -160.0000000000
225 -155.0000000000
262 -154.0000000000
290 -145.0000000000
321 -142.0000000000
382 -141.0000000000
399 -140.0000000000
401 -139.0000000000
411 -136.0000000000
437 -133.0000000000
474 -132.0000000000
494 -131.0000000000
508 -129.0000000000
532 -128.0000000000
556 -127.0000000000
572 -126.0000000000
601 -123.0000000000
653 -122.0000000000
657 -121.0000000000
667 -119.0000000000
688 -118.0000000000
701 -117.0000000000
715 -115.0000000000
725 -114.0000000000
742 -112.0000000000
774 -111.0000000000
785 -109.0000000000
830 -108.0000000000
852 -107.0000000000
873 -106.0000000000
902 -104.0000000000
912 -102.0000000000
936 -101.0000000000
941 -100.0000000000
959 -99.0000000000
985 -97.0000000000
1002 -96.0000000000
1014 -95.0000000000
1050 -93.0000000000
1083 -92.0000000000
1091 -91.0000000000
1109 -90.0000000000
1112 -89.0000000000
1136 -88.0000000000
1138 -87.0000000000
1152 -85.0000000000
1183 -84.0000000000
1207 -83.0000000000
1235 -81.0000000000
1263 -80.0000000000
1264 -79.0000000000
1291 -78.0000000000
1321 -77.0000000000
1354 -76.0000000000
1387 -75.0000000000
1410 -73.0000000000
1432 -72.0000000000
1462 -71.0000000000
1492 -70.0000000000
1501 -67.0000000000
1513 -66.0000000000
1523 -65.0000000000
1540 -64.0000000000
1580 -63.0000000000
1612 -61.0000000000
1616 -60.0000000000
1687 -58.0000000000
1711 -57.0000000000
1734 -56.0000000000
1772 -55.0000000000
1793 -53.0000000000
1846 -50.0000000000
1928 -49.0000000000
1940 -48.0000000000
1968 -47.0000000000
2002 -46.0000000000
2010 -44.0000000000
2053 -43.0000000000
2071 -42.0000000000
2074 -41.0000000000
2101 -39.0000000000
2153 -38.0000000000
2198 -36.0000000000
2240 -35.0000000000
2278 -34.0000000000
2279 -33.0000000000
2308 -32.0000000000
2321 -31.0000000000
2371 -29.0000000000
2434 -28.0000000000
2469 -27.0000000000
2492 -24.0000000000
2558 -23.0000000000
2603 -22.0000000000
2635 -21.0000000000
2654 -20.0000000000
2667 -19.0000000000
2709 -18.0000000000
2722 -17.0000000000
2740 -15.0000000000
2801 -14.0000000000
2865 -13.0000000000
2947 -12.0000000000
2954 -11.0000000000
2976 -10.0000000000
3013 -9.0000000000
3053 -8.0000000000
3098 -7.0000000000
3102 -5.0000000000
3150 -4.0000000000
3191 -3.0000000000
3247 -2.0000000000
3324 -1.0000000000
3374 377.0000000000
3463 389.0000000000
3644 390.0000000000
3657 394.0000000000
3708 397.0000000000
3756 401.0000000000
3797 407.0000000000
3874 410.0000000000
3960 412.0000000000
4118 419.0000000000
5129 422.0000000000
5229 425.0000000000
5486 427.0000000000
5590 428.0000000000
6732 429.0000000000
12970 431.0000000000
13903 432.0000000000
15446 433.0000000000
15591 434.0000000000
24057 437.0000000000
24912 439.0000000000
100000 -5.0000000000
evaluations raw_y
1 -214.0000000000
3 -187.0000000000
62 -182.0000000000
81 -179.0000000000
84 -175.0000000000
94 -173.0000000000
122 -170.0000000000
128 -164.0000000000
129 -159.0000000000
155 -158.0000000000
166 -157.0000000000
170 -153.0000000000
181 -149.0000000000
198 -148.0000000000
202 -143.0000000000
231 -142.0000000000
232 -138.0000000000
263 -137.0000000000
272 -136.0000000000
289 -135.0000000000
313 -134.0000000000
331 -133.0000000000
335 -132.0000000000
351 -130.0000000000
370 -128.0000000000
395 -126.0000000000
400 -125.0000000000
417 -123.0000000000
439 -122.0000000000
443 -121.0000000000
460 -120.0000000000
472 -117.0000000000
504 -114.0000000000
541 -113.0000000000
560 -112.0000000000
564 -110.0000000000
592 -109.0000000000
599 -108.0000000000
616 -107.0000000000
625 -105.0000000000
686 -104.0000000000
690 -103.0000000000
712 -102.0000000000
713 -100.0000000000
748 -98.0000000000
779 -97.0000000000
796 -96.0000000000
807 -95.0000000000
813 -94.0000000000
825 -93.0000000000
835 -92.0000000000
864 -90.0000000000
872 -89.0000000000
912 -88.0000000000
941 -86.0000000000
957 -84.0000000000
969 -82.0000000000
1002 -80.0000000000
1012 -78.0000000000
1047 -75.0000000000
1101 -74.0000000000
1104 -73.0000000000
1130 -72.0000000000
1131 -71.0000000000
1157 -70.0000000000
1186 -69.0000000000
1212 -68.0000000000
1221 -67.0000000000
1239 -64.0000000000
1247 -63.0000000000
1294 -62.0000000000
1310 -60.0000000000
1329 -58.0000000000
1356 -57.0000000000
1377 -56.0000000000
1403 -55.0000000000
1407 -54.0000000000
1440 -53.0000000000
1448 -51.0000000000
1483 -49.0000000000
1504 -48.0000000000
1506 -47.0000000000
1531 -46.0000000000
1548 -45.0000000000
1569 -44.0000000000
1592 -43.0000000000
1603 -42.0000000000
1613 -41.0000000000
1652 -39.0000000000
1653 -38.0000000000
1680 -37.0000000000
1701 -36.0000000000
1716 -34.0000000000
1755 -33.0000000000
1773 -32.0000000000
1816 -30.0000000000
1830 -29.0000000000
1857 -28.0000000000
1902 -27.0000000000
1926 -26.0000000000
1937 -25.0000000000
1943 -24.0000000000
1963 -23.0000000000
1981 -22.0000000000
1984 -20.0000000000
2012 -18.0000000000
2057 -17.0000000000
2107 -16.0000000000
2151 -15.0000000000
2172 -14.0000000000
2191 -13.0000000000
2234 -12.0000000000
2241 -11.0000000000
2318 -10.0000000000
2342 -8.0000000000
2423 -7.0000000000
2536 -6.0000000000
2572 -5.0000000000
2589 -4.0000000000
2683 -3.0000000000
2697 -2.0000000000
2725 -1.0000000000
2773 398.0000000000
2811 405.0000000000
2876 407.0000000000
2988 408.0000000000
2999 415.0000000000
4321 418.0000000000
4526 421.0000000000
4671 425.0000000000
5477 426.0000000000
5853 430.0000000000
12944 431.0000000000
15307 432.0000000000
15336 434.0000000000
15977 437.0000000000
18811 438.0000000000
19019 439.0000000000
25339 440.0000000000
28227 441.0000000000
56249 442.0000000000
70771 443.0000000000
100000 -1.0000000000
evaluations raw_y
1 -230.0000000000
2 -201.0000000000
37 -197.0000000000
46 -194.0000000000
52 -193.0000000000
62 -186.0000000000
88 -183.0000000000
91 -181.0000000000
112 -179.0000000000
120 -174.0000000000
139 -170.0000000000
148 -169.0000000000
150 -167.0000000000
152 -163.0000000000
174 -158.0000000000
192 -156.0000000000
204 -152.0000000000
205 -151.0000000000
226 -150.0000000000
253 -145.0000000000
309 -142.0000000000
320 -139.0000000000
374 -137.0000000000
413 -135.0000000000
430 -133.0000000000
448 -132.0000000000
452 -131.0000000000
466 -127.0000000000
495 -125.0000000000
512 -123.0000000000
529 -121.0000000000
547 -120.0000000000
569 -119.0000000000
573 -118.0000000000
589 -117.0000000000
613 -116.0000000000
614 -113.0000000000
641 -112.0000000000
652 -111.0000000000
681 -110.0000000000
709 -109.0000000000
726 -108.0000000000
737 -107.0000000000
745 -106.0000000000
750 -103.0000000000
756 -101.0000000000
791 -100.0000000000
826 -99.0000000000
834 -95.0000000000
861 -94.0000000000
893 -93.0000000000
901 -92.0000000000
915 -90.0000000000
970 -89.0000000000
971 -88.0000000000
989 -87.0000000000
997 -84.0000000000
1009 -83.0000000000
1045 -82.0000000000
1067 -81.0000000000
1083 -80.0000000000
1095 -79.0000000000
1110 -78.0000000000
1133 -74.0000000000
1153 -73.0000000000
1205 -69.0000000000
1251 -64.0000000000
1291 -63.0000000000
1309 -62.0000000000
1345 -61.0000000000
1371 -60.0000000000
1385 -59.0000000000
1408 -58.0000000000
1421 -56.0000000000
1425 -54.0000000000
1450 -53.0000000000
1472 -52.0000000000
1488 -51.0000000000
1504 -50.0000000000
1533 -48.0000000000
1546 -47.0000000000
1561 -46.0000000000
1594 -45.0000000000
1621 -44.0000000000
1650 -43.0000000000
1652 -42.0000000000
1655 -41.0000000000
1705 -40.0000000000
1714 -39.0000000000
1725 -38.0000000000
1774 -37.0000000000
1776 -36.0000000000
1787 -35.0000000000
1851 -33.0000000000
1868 -32.0000000000
1879 -31.0000000000
1888 -30.0000000000
1891 -29.0000000000
1948 -28.0000000000
1951 -27.0000000000
1998 -26.0000000000
2016 -25.0000000000
2081 -23.0000000000
2121 -22.0000000000
2150 -21.0000000000
2193 -20.0000000000
2237 -18.0000000000
2284 -17.0000000000
2288 -16.0000000000
2338 -15.0000000000
2362 -14.0000000000
2401 -13.0000000000
2431 -12.0000000000
2501 -11.0000000000
2522 -10.0000000000
2555 -9.0000000000
2592 -8.0000000000
2611 -7.0000000000
2636 -6.0000000000
2647 -5.0000000000
2691 -4.0000000000
2700 -3.0000000000
2736 -2.0000000000
2784 -1.0000000000
2836 372.0000000000
2853 382.0000000000
2869 391.0000000000
3107 398.0000000000
3207 405.0000000000
3283 407.0000000000
3403 421.0000000000
4526 422.0000000000
4574 423.0000000000
4595 425.0000000000
4670 426.0000000000
4727 428.0000000000
4860 429.0000000000
5412 430.0000000000
6226 432.0000000000
6569 433.0000000000
10900 434.0000000000
11517 435.0000000000
11922 437.0000000000
18896 439.0000000000
21672 440.0000000000
100000 -1.0000000000
evaluations raw_y
1 -220.0000000000
3 -215.0000000000
6 -207.0000000000
13 -205.0000000000
14 -204.0000000000
23 -198.0000000000
24 -188.0000000000
42 -187.0000000000
51 -186.0000000000
75 -185.0000000000
81 -182.0000000000
83 -179.0000000000
99 -178.0000000000
115 -172.0000000000
144 -167.0000000000
153 -161.0000000000
163 -157.0000000000
183 -155.0000000000
208 -154.0000000000
220 -150.0000000000
230 -149.0000000000
239 -145.0000000000
245 -142.0000000000
250 -136.0000000000
278 -135.0000000000
282 -134.0000000000
289 -133.0000000000
305 -126.0000000000
342 -125.0000000000
345 -124.0000000000
375 -123.0000000000
376 -121.0000000000
398 -120.0000000000
405 -116.0000000000
411 -114.0000000000
436 -113.0000000000
454 -112.0000000000
471 -110.0000000000
511 -109.0000000000
512 -108.0000000000
521 -107.0000000000
531 -106.0000000000
554 -104.0000000000
600 -103.0000000000
604 -102.0000000000
614 -101.0000000000
622 -100.0000000000
642 -99.0000000000
654 -97.0000000000
690 -95.0000000000
705 -94.0000000000
721 -92.0000000000
776 -89.0000000000
806 -88.0000000000
833 -86.0000000000
867 -85.0000000000
892 -83.0000000000
959 -82.0000000000
962 -81.0000000000
979 -79.0000000000
999 -77.0000000000
1020 -75.0000000000
1051 -74.0000000000
1080 -73.0000000000
1091 -72.0000000000
1110 -71.0000000000
1116 -70.0000000000
1151 -67.0000000000
1202 -65.0000000000
1216 -64.0000000000
1267 -62.0000000000
1301 -61.0000000000
1313 -60.0000000000
1346 -59.0000000000
1351 -58.0000000000
1360 -56.0000000000
1362 -55.0000000000
1406 -54.0000000000
1431 -52.0000000000
1471 -50.0000000000
1488 -49.0000000000
1503 -47.0000000000
1539 -46.0000000000
1569 -45.0000000000
1583 -44.0000000000
1601 -43.0000000000
1609 -41.0000000000
1668 -40.0000000000
1695 -38.0000000000
1745 -37.0000000000
1753 -36.0000000000
1796 -35.0000000000
1812 -34.0000000000
1828 -33.0000000000
1874 -31.0000000000
1909 -30.0000000000
1927 -29.0000000000
1954 -28.0000000000
1968 -24.0000000000
2027 -23.0000000000
2028 -21.0000000000
2134 -20.0000000000
2159 -19.0000000000
2161 -18.0000000000
2192 -17.0000000000
2221 -15.0000000000
2239 -14.0000000000
2337 -13.0000000000
2355 -12.0000000000
2405 -11.0000000000
2411 -9.0000000000
2482 -8.0000000000
2507 -7.0000000000
2511 -6.0000000000
2548 -5.0000000000
2561 -4.0000000000
2650 -3.0000000000
2733 -2.0000000000
2756 -1.0000000000
2874 390.0000000000
2875 395.0000000000
2910 397.0000000000
2938 399.0000000000
3034 402.0000000000
3193 403.0000000000
3287 406.0000000000
3403 408.0000000000
3721 409.0000000000
3757 415.0000000000
4056 416.0000000000
4603 419.0000000000
4933 421.0000000000
5600 422.0000000000
5621 423.0000000000
5714 425.0000000000
6064 428.0000000000
6216 431.0000000000
10110 433.0000000000
11462 436.0000000000
13632 438.0000000000
44276 439.0000000000
100000 -5.0000000000
evaluations raw_y
1 -205.0000000000
7 -199.0000000000
32 -192.0000000000
43 -188.0000000000
56 -184.0000000000
62 -181.0000000000
66 -178.0000000000
69 -176.0000000000
81 -173.0000000000
95 -170.0000000000
121 -169.0000000000
123 -161.0000000000
166 -159.0000000000
175 -151.0000000000
190 -150.0000000000
212 -148.0000000000
214 -142.0000000000
267 -141.0000000000
268 -140.0000000000
271 -139.0000000000
275 -136.0000000000
304 -135.0000000000
316 -134.0000000000
322 -131.0000000000
357 -127.0000000000
418 -126.0000000000
430 -124.0000000000
458 -123.0000000000
468 -121.0000000000
492 -120.0000000000
496 -119.0000000000
520 -118.0000000000
521 -117.0000000000
534 -116.0000000000
549 -115.0000000000
551 -114.0000000000
569 -112.0000000000
607 -109.0000000000
631 -107.0000000000
641 -106.0000000000
670 -105.0000000000
702 -103.0000000000
711 -102.0000000000
721 -100.0000000000
763 -99.0000000000
787 -97.0000000000
804 -95.0000000000
842 -93.0000000000
882 -92.0000000000
900 -90.0000000000
931 -89.0000000000
933 -88.0000000000
957 -87.0000000000
988 -86.0000000000
1008 -84.0000000000
1050 -83.0000000000
1056 -82.0000000000
1074 -81.0000000000
1097 -80.0000000000
1118 -78.0000000000
1135 -77.0000000000
1140 -73.0000000000
1150 -72.0000000000
1190 -71.0000000000
1204 -70.0000000000
1248 -69.0000000000
1262 -68.0000000000
1276 -67.0000000000
1305 -66.0000000000
1375 -65.0000000000
1378 -64.0000000000
1381 -62.0000000000
1432 -61.0000000000
1450 -60.0000000000
1469 -59.0000000000
1483 -58.0000000000
1493 -57.0000000000
1517 -56.0000000000
1547 -55.0000000000
1592 -54.0000000000
1603 -53.0000000000
1642 -52.0000000000
1667 -51.0000000000
1687 -49.0000000000
1726 -48.0000000000
1731 -47.0000000000
1751 -44.0000000000
1815 -43.0000000000
1839 -41.0000000000
1856 -40.0000000000
1872 -39.0000000000
1930 -37.0000000000
1944 -36.0000000000
1981 -35.0000000000
2006 -34.0000000000
2017 -33.0000000000
2048 -32.0000000000
2074 -31.0000000000
2088 -30.0000000000
2143 -28.0000000000
2190 -27.0000000000
2233 -26.0000000000
2244 -25.0000000000
2251 -24.0000000000
2294 -23.0000000000
2327 -22.0000000000
2368 -21.0000000000
2381 -20.0000000000
2405 -18.0000000000
2471 -17.0000000000
2507 -14.0000000000
2570 -12.0000000000
2613 -11.0000000000
2615 -10.0000000000
2685 -9.0000000000
2728 -8.0000000000
2734 -7.0000000000
2747 -6.0000000000
2800 -5.0000000000
2866 -4.0000000000
2913 -3.0000000000
2917 -2.0000000000
2946 -1.0000000000
3003 383.0000000000
3028 390.0000000000
3045 393.0000000000
3179 401.0000000000
3180 403.0000000000
3211 407.0000000000
3292 412.0000000000
3430 416.0000000000
3552 420.0000000000
5923 421.0000000000
6195 422.0000000000
6420 423.0000000000
6486 424.0000000000
7632 426.0000000000
8887 427.0000000000
9012 429.0000000000
11186 430.0000000000
11713 431.0000000000
12593 432.0000000000
12769 434.0000000000
16328 435.0000000000
18396 438.0000000000
58638 439.0000000000
70829 440.0000000000
100000 -4.0000000000
evaluations raw_y
1 -230.0000000000
2 -220.0000000000
3 -214.0000000000
5 -212.0000000000
10 -208.0000000000
12 -202.0000000000
22 -200.0000000000
32 -193.0000000000
42 -192.0000000000
54 -190.0000000000
59 -187.0000000000
63 -186.0000000000
71 -184.0000000000
72 -176.0000000000
82 -174.0000000000
94 -172.0000000000
103 -167.0000000000
116 -166.0000000000
122 -165.0000000000
124 -164.0000000000
143 -162.0000000000
160 -158.0000000000
192 -153.0000000000
212 -151.0000000000
244 -147.0000000000
286 -146.0000000000
293 -145.0000000000
303 -144.0000000000
315 -141.0000000000
334 -137.0000000000
371 -136.0000000000
376 -132.0000000000
421 -131.0000000000
430 -130.0000000000
443 -129.0000000000
464 -128.0000000000
477 -126.0000000000
510 -125.0000000000
523 -124.0000000000
540 -121.0000000000
554 -118.0000000000
606 -116.0000000000
625 -114.0000000000
654 -110.0000000000
714 -107.0000000000
794 -105.0000000000
802 -102.0000000000
815 -101.0000000000
845 -99.0000000000
886 -98.0000000000
908 -97.0000000000
919 -96.0000000000
920 -95.0000000000
949 -94.0000000000
966 -93.0000000000
985 -91.0000000000
1004 -90.0000000000
1036 -88.0000000000
1077 -86.0000000000
1081 -85.0000000000
1097 -81.0000000000
1137 -79.0000000000
1154 -78.0000000000
1177 -76.0000000000
1184 -75.0000000000
1224 -74.0000000000
1227 -73.0000000000
1235 -72.0000000000
1242 -71.0000000000
1291 -70.0000000000
1314 -69.0000000000
1321 -68.0000000000
1332 -66.0000000000
1379 -64.0000000000
1382 -63.0000000000
1415 -62.0000000000
1446 -60.0000000000
1472 -59.0000000000
1496 -58.0000000000
1507 -57.0000000000
1521 -55.0000000000
1552 -54.0000000000
1591 -53.0000000000
1602 -52.0000000000
1615 -48.0000000000
1647 -45.0000000000
1707 -44.0000000000
1761 -43.0000000000
1824 -42.0000000000
1837 -40.0000000000
1857 -39.0000000000
1897 -38.0000000000
1906 -37.0000000000
1938 -36.0000000000
1967 -35.0000000000
2002 -32.0000000000
2078 -29.0000000000
2109 -27.0000000000
2187 -26.0000000000
2193 -25.0000000000
2202 -24.0000000000
2221 -23.0000000000
2257 -22.0000000000
2274 -21.0000000000
2316 -20.0000000000
2356 -18.0000000000
2405 -17.0000000000
2412 -16.0000000000
2441 -15.0000000000
2461 -14.0000000000
2503 -13.0000000000
2537 -12.0000000000
2598 -11.0000000000
2662 -9.0000000000
2698 -7.0000000000
2756 -6.0000000000
2785 -5.0000000000
2791 -4.0000000000
2866 -3.0000000000
2898 -1.0000000000
2932 389.0000000000
2951 399.0000000000
3049 400.0000000000
3074 402.0000000000
3097 406.0000000000
3122 408.0000000000
3250 415.0000000000
3362 418.0000000000
3481 422.0000000000
3491 427.0000000000
3717 433.0000000000
3902 435.0000000000
4475 436.0000000000
5492 439.0000000000
11578 441.0000000000
11715 442.0000000000
29439 443.0000000000
100000 -2.0000000000
evaluations raw_y
1 -209.0000000000
3 -207.0000000000
8 -196.0000000000
40 -192.0000000000
62 -190.0000000000
64 -189.0000000000
91 -183.0000000000
92 -180.0000000000
103 -178.0000000000
110 -176.0000000000
112 -175.0000000000
117 -173.0000000000
121 -170.0000000000
125 -168.0000000000
128 -165.0000000000
139 -162.0000000000
161 -159.0000000000
162 -158.0000000000
166 -156.0000000000
186 -151.0000000000
210 -148.0000000000
219 -146.0000000000
245 -145.0000000000
250 -142.0000000000
253 -141.0000000000
261 -140.0000000000
276 -139.0000000000
289 -137.0000000000
305 -135.0000000000
314 -133.0000000000
339 -132.0000000000
340 -131.0000000000
351 -129.0000000000
366 -128.0000000000
369 -127.0000000000
380 -125.0000000000
404 -124.0000000000
423 -123.0000000000
439 -122.0000000000
446 -121.0000000000
453 -120.0000000000
466 -118.0000000000
497 -116.0000000000
517 -111.0000000000
562 -109.0000000000
600 -108.0000000000
617 -107.0000000000
626 -106.0000000000
665 -105.0000000000
667 -103.0000000000
695 -102.0000000000
733 -101.0000000000
748 -99.0000000000
751 -96.0000000000
786 -94.0000000000
830 -92.0000000000
865 -91.0000000000
885 -89.0000000000
912 -88.0000000000
948 -87.0000000000
956 -86.0000000000
974 -85.0000000000
977 -84.0000000000
1011 -82.0000000000
1055 -81.0000000000
1057 -80.0000000000
1089 -79.0000000000
1107 -78.0000000000
1128 -77.0000000000
1135 -75.0000000000
1174 -74.0000000000
1186 -73.0000000000
1224 -72.0000000000
1270 -71.0000000000
1274 -70.0000000000
1300 -68.0000000000
1303 -67.0000000000
1322 -66.0000000000
1341 -63.0000000000
1376 -61.0000000000
1387 -60.0000000000
1394 -59.0000000000
1441 -58.0000000000
1442 -57.0000000000
1459 -56.0000000000
1473 -54.0000000000
1528 -53.0000000000
1551 -52.0000000000
1570 -50.0000000000
1590 -49.0000000000
1615 -48.0000000000
1626 -47.0000000000
1647 -46.0000000000
1663 -45.0000000000
1699 -44.0000000000
1712 -41.0000000000
1750 -40.0000000000
1797 -39.0000000000
1815 -38.0000000000
1859 -37.0000000000
1875 -36.0000000000
1927 -35.0000000000
1953 -34.0000000000
1987 -33.0000000000
2028 -32.0000000000
2050 -31.0000000000
2054 -30.0000000000
2064 -29.0000000000
2078 -28.0000000000
2086 -27.0000000000
2129 -26.0000000000
2164 -25.0000000000
2172 -24.0000000000
2225 -23.0000000000
2227 -22.0000000000
2265 -20.0000000000
2316 -19.0000000000
2326 -17.0000000000
2425 -15.0000000000
2476 -14.0000000000
2479 -13.0000000000
2528 -12.0000000000
2560 -11.0000000000
2654 -10.0000000000
2663 -9.0000000000
2687 -8.0000000000
2749 -7.0000000000
2846 -5.0000000000
2965 -4.0000000000
3047 -3.0000000000
3104 -2.0000000000
3141 -1.0000000000
3240 389.0000000000
3247 394.0000000000
3261 402.0000000000
3290 405.0000000000
3877 406.0000000000
4027 409.0000000000
4668 411.0000000000
4836 412.0000000000
5537 415.0000000000
5731 420.0000000000
5853 421.0000000000
5983 422.0000000000
6082 423.0000000000
6088 424.0000000000
6179 425.0000000000
6188 427.0000000000
6332 429.0000000000
7645 430.0000000000
7863 431.0000000000
10358 432.0000000000
12720 433.0000000000
13014 434.0000000000
26927 435.0000000000
28587 436.0000000000
32133 437.0000000000
47762 438.0000000000
47811 439.0000000000
47817 440.0000000000
63727 441.0000000000
78675 442.0000000000
78700 443.0000000000
100000 -2.0000000000
evaluations raw_y
1 -213.0000000000
2 -210.0000000000
3 -197.0000000000
30 -195.0000000000
33 -187.0000000000
52 -185.0000000000
57 -177.0000000000
83 -173.0000000000
98 -170.0000000000
102 -166.0000000000
114 -164.0000000000
129 -162.0000000000
138 -160.0000000000
158 -156.0000000000
189 -154.0000000000
197 -152.0000000000
214 -151.0000000000
231 -150.0000000000
232 -147.0000000000
253 -146.0000000000
269 -144.0000000000
291 -142.0000000000
311 -141.0000000000
313 -140.0000000000
328 -139.0000000000
331 -138.0000000000
346 -137.0000000000
361 -133.0000000000
411 -132.0000000000
433 -130.0000000000
437 -128.0000000000
476 -127.0000000000
487 -123.0000000000
510 -122.0000000000
521 -121.0000000000
556 -120.0000000000
576 -119.0000000000
594 -118.0000000000
597 -116.0000000000
614 -115.0000000000
622 -114.0000000000
649 -113.0000000000
682 -112.0000000000
685 -111.0000000000
711 -110.0000000000
717 -109.0000000000
733 -107.0000000000
735 -105.0000000000
790 -104.0000000000
811 -103.0000000000
817 -100.0000000000
862 -99.0000000000
887 -98.0000000000
909 -97.0000000000
910 -96.0000000000
913 -95.0000000000
929 -94.0000000000
945 -93.0000000000
964 -92.0000000000
978 -91.0000000000
988 -88.0000000000
996 -87.0000000000
1010 -85.0000000000
1046 -84.0000000000
1061 -83.0000000000
1071 -82.0000000000
1101 -81.0000000000
1108 -79.0000000000
1151 -78.0000000000
1163 -77.0000000000
1179 -76.0000000000
1190 -75.0000000000
1192 -74.0000000000
1249 -72.0000000000
1256 -71.0000000000
1283 -70.0000000000
1305 -69.0000000000
1328 -68.0000000000
1346 -67.0000000000
1349 -65.0000000000
1382 -63.0000000000
1391 -62.0000000000
1434 -61.0000000000
1445 -59.0000000000
1467 -58.0000000000
1471 -53.0000000000
1555 -52.0000000000
1571 -51.0000000000
1632 -50.0000000000
1633 -49.0000000000
1665 -48.0000000000
1713 -47.0000000000
1716 -46.0000000000
1735 -45.0000000000
1769 -43.0000000000
1779 -41.0000000000
1853 -40.0000000000
1863 -39.0000000000
1894 -38.0000000000
1901 -37.0000000000
1921 -36.0000000000
1952 -33.0000000000
1961 -32.0000000000
2046 -31.0000000000
2078 -30.0000000000
2114 -28.0000000000
2190 -25.0000000000
2225 -24.0000000000
2248 -23.0000000000
2294 -22.0000000000
2336 -21.0000000000
2357 -20.0000000000
2428 -19.0000000000
2454 -17.0000000000
2475 -16.0000000000
2536 -15.0000000000
2553 -14.0000000000
2616 -12.0000000000
2702 -11.0000000000
2712 -10.0000000000
2751 -9.0000000000
2807 -8.0000000000
2821 -7.0000000000
2887 -6.0000000000
2930 -5.0000000000
2948 -4.0000000000
3037 -2.0000000000
3096 -1.0000000000
3206 392.0000000000
3215 408.0000000000
3391 412.0000000000
3960 415.0000000000
4069 416.0000000000
4178 417.0000000000
4271 420.0000000000
4815 421.0000000000
4915 422.0000000000
6373 424.0000000000
6386 425.0000000000
6972 426.0000000000
7923 428.0000000000
8043 429.0000000000
10306 430.0000000000
10523 431.0000000000
10655 432.0000000000
13707 433.0000000000
16479 434.0000000000
16490 436.0000000000
16800 437.0000000000
23514 438.0000000000
23653 439.0000000000
24996 440.0000000000
25460 442.0000000000
31456 443.0000000000
40343 445.0000000000
100000 -2.0000000000
