evaluations raw_y
1 -205.0000000000
13 -204.0000000000
15 -197.0000000000
20 -192.0000000000
29 -189.0000000000
64 -188.0000000000
84 -177.0000000000
142 -174.0000000000
148 -172.0000000000
155 -161.0000000000
226 -155.0000000000
259 -153.0000000000
263 -150.0000000000
283 -148.0000000000
331 -144.0000000000
337 -137.0000000000
410 -134.0000000000
418 -132.0000000000
435 -130.0000000000
444 -126.0000000000
486 -123.0000000000
526 -120.0000000000
570 -116.0000000000
589 -114.0000000000
624 -112.0000000000
633 -111.0000000000
644 -110.0000000000
665 -108.0000000000
684 -107.0000000000
707 -105.0000000000
712 -103.0000000000
715 -101.0000000000
768 -99.0000000000
784 -98.0000000000
809 -96.0000000000
829 -95.0000000000
866 -94.0000000000
887 -93.0000000000
924 -92.0000000000
932 -91.0000000000
935 -89.0000000000
950 -87.0000000000
1005 -86.0000000000
1037 -85.0000000000
1053 -82.0000000000
1112 -81.0000000000
1145 -79.0000000000
1170 -77.0000000000
1203 -75.0000000000
1287 -74.0000000000
1330 -72.0000000000
1389 -70.0000000000
1432 -68.0000000000
1489 -67.0000000000
1491 -66.0000000000
1513 -63.0000000000
1547 -62.0000000000
1578 -60.0000000000
1686 -59.0000000000
1711 -58.0000000000
1721 -57.0000000000
1769 -55.0000000000
1867 -54.0000000000
1878 -53.0000000000
1905 -52.0000000000
1977 -51.0000000000
2016 -50.0000000000
2022 -49.0000000000
2062 -47.0000000000
2142 -46.0000000000
2152 -45.0000000000
2161 -44.0000000000
2194 -42.0000000000
2209 -40.0000000000
2282 -39.0000000000
2296 -38.0000000000
2315 -37.0000000000
2324 -36.0000000000
2398 -35.0000000000
2408 -33.0000000000
2521 -32.0000000000
2532 -31.0000000000
2585 -30.0000000000
2623 -29.0000000000
2717 -28.0000000000
2768 -27.0000000000
2776 -26.0000000000
2836 -25.0000000000
2902 -23.0000000000
2967 -22.0000000000
2999 -20.0000000000
3063 -19.0000000000
3114 -18.0000000000
3121 -17.0000000000
3162 -14.0000000000
3236 -13.0000000000
3321 -12.0000000000
3382 -11.0000000000
3427 -10.0000000000
3498 -9.0000000000
3570 -8.0000000000
3615 -7.0000000000
3675 -6.0000000000
3746 -5.0000000000
3779 -4.0000000000
3822 -3.0000000000
3955 -2.0000000000
4097 -1.0000000000
4200 398.0000000000
4218 399.0000000000
4267 403.0000000000
4407 405.0000000000
4443 407.0000000000
4569 411.0000000000
4620 414.0000000000
4818 415.0000000000
4849 416.0000000000
5038 418.0000000000
5136 420.0000000000
5168 422.0000000000
5349 426.0000000000
5602 428.0000000000
5885 429.0000000000
44374 430.0000000000
44791 432.0000000000
48581 434.0000000000
48823 435.0000000000
100000 435.0000000000
evaluations raw_y
1 -208.0000000000
2 -190.0000000000
36 -180.0000000000
64 -179.0000000000
79 -174.0000000000
85 -171.0000000000
101 -166.0000000000
124 -161.0000000000
145 -156.0000000000
153 -154.0000000000
186 -152.0000000000
200 -148.0000000000
221 -147.0000000000
224 -145.0000000000
242 -144.0000000000
253 -142.0000000000
281 -138.0000000000
285 -133.0000000000
357 -130.0000000000
362 -129.0000000000
375 -124.0000000000
385 -119.0000000000
425 -118.0000000000
464 -117.0000000000
492 -116.0000000000
503 -112.0000000000
513 -110.0000000000
519 -109.0000000000
520 -105.0000000000
554 -102.0000000000
581 -100.0000000000
637 -92.0000000000
673 -91.0000000000
695 -89.0000000000
712 -88.0000000000
722 -87.0000000000
737 -86.0000000000
747 -83.0000000000
781 -81.0000000000
788 -80.0000000000
822 -79.0000000000
831 -78.0000000000
837 -76.0000000000
873 -75.0000000000
888 -74.0000000000
912 -72.0000000000
924 -71.0000000000
945 -70.0000000000
973 -69.0000000000
977 -66.0000000000
998 -64.0000000000
1045 -63.0000000000
1062 -60.0000000000
1117 -57.0000000000
1170 -56.0000000000
1184 -54.0000000000
1210 -53.0000000000
1250 -52.0000000000
1294 -51.0000000000
1296 -50.0000000000
1361 -49.0000000000
1390 -48.0000000000
1398 -47.0000000000
1425 -46.0000000000
1458 -45.0000000000
1482 -44.0000000000
1518 -43.0000000000
1535 -42.0000000000
1565 -41.0000000000
1580 -40.0000000000
1636 -38.0000000000
1692 -37.0000000000
1712 -36.0000000000
1786 -35.0000000000
1803 -34.0000000000
1881 -33.0000000000
1911 -32.0000000000
1946 -31.0000000000
1953 -30.0000000000
2041 -29.0000000000
2079 -28.0000000000
2107 -27.0000000000
2128 -26.0000000000
2226 -25.0000000000
2275 -24.0000000000
2300 -23.0000000000
2330 -22.0000000000
2411 -19.0000000000
2520 -18.0000000000
2561 -17.0000000000
2588 -15.0000000000
2638 -14.0000000000
2682 -13.0000000000
2726 -12.0000000000
2788 -10.0000000000
2823 -9.0000000000
2905 -8.0000000000
2983 -7.0000000000
3043 -6.0000000000
3094 -5.0000000000
3109 -4.0000000000
3223 -3.0000000000
3252 -2.0000000000
3364 -1.0000000000
3502 372.0000000000
3522 381.0000000000
3625 384.0000000000
3657 388.0000000000
3659 393.0000000000
3669 395.0000000000
3789 396.0000000000
3819 400.0000000000
3844 404.0000000000
3940 405.0000000000
4152 411.0000000000
4441 413.0000000000
4464 414.0000000000
4881 415.0000000000
5203 417.0000000000
5282 418.0000000000
5418 419.0000000000
7057 420.0000000000
10591 427.0000000000
15005 428.0000000000
100000 428.0000000000
evaluations raw_y
1 -225.0000000000
3 -218.0000000000
6 -199.0000000000
11 -192.0000000000
46 -183.0000000000
87 -172.0000000000
130 -166.0000000000
172 -161.0000000000
191 -158.0000000000
208 -155.0000000000
226 -154.0000000000
228 -152.0000000000
243 -149.0000000000
281 -148.0000000000
282 -143.0000000000
295 -141.0000000000
302 -140.0000000000
323 -134.0000000000
345 -132.0000000000
375 -130.0000000000
378 -126.0000000000
380 -123.0000000000
421 -122.0000000000
426 -121.0000000000
444 -120.0000000000
445 -117.0000000000
468 -116.0000000000
488 -115.0000000000
493 -112.0000000000
538 -111.0000000000
547 -110.0000000000
571 -108.0000000000
581 -106.0000000000
591 -104.0000000000
612 -103.0000000000
630 -100.0000000000
664 -99.0000000000
677 -97.0000000000
682 -95.0000000000
686 -94.0000000000
706 -91.0000000000
739 -90.0000000000
767 -89.0000000000
798 -86.0000000000
809 -81.0000000000
898 -80.0000000000
901 -78.0000000000
920 -76.0000000000
949 -75.0000000000
955 -74.0000000000
976 -69.0000000000
1040 -68.0000000000
1067 -67.0000000000
1116 -66.0000000000
1126 -65.0000000000
1153 -64.0000000000
1164 -61.0000000000
1231 -60.0000000000
1250 -59.0000000000
1290 -56.0000000000
1367 -55.0000000000
1422 -54.0000000000
1445 -53.0000000000
1488 -52.0000000000
1516 -51.0000000000
1549 -50.0000000000
1571 -49.0000000000
1608 -48.0000000000
1617 -46.0000000000
1673 -43.0000000000
1750 -42.0000000000
1762 -41.0000000000
1877 -40.0000000000
1922 -39.0000000000
1924 -38.0000000000
1998 -36.0000000000
2016 -35.0000000000
2046 -34.0000000000
2104 -33.0000000000
2193 -32.0000000000
2230 -30.0000000000
2262 -29.0000000000
2308 -28.0000000000
2314 -27.0000000000
2332 -26.0000000000
2401 -25.0000000000
2471 -24.0000000000
2513 -23.0000000000
2525 -22.0000000000
2554 -21.0000000000
2590 -20.0000000000
2667 -19.0000000000
2743 -18.0000000000
2787 -17.0000000000
2791 -16.0000000000
2898 -15.0000000000
2991 -14.0000000000
3022 -13.0000000000
3100 -12.0000000000
3135 -11.0000000000
3200 -10.0000000000
3285 -9.0000000000
3302 -7.0000000000
3443 -6.0000000000
3474 -5.0000000000
3516 -4.0000000000
3655 -3.0000000000
3711 -2.0000000000
3835 -1.0000000000
3935 385.0000000000
3966 395.0000000000
3994 398.0000000000
4019 406.0000000000
5286 409.0000000000
5416 412.0000000000
5622 416.0000000000
5637 418.0000000000
5725 420.0000000000
6325 421.0000000000
6453 423.0000000000
6571 425.0000000000
10473 428.0000000000
10573 430.0000000000
14080 432.0000000000
16531 433.0000000000
16754 435.0000000000
27568 436.0000000000
87773 437.0000000000
97046 438.0000000000
100000 -1.0000000000
evaluations raw_y
1 -234.0000000000
2 -228.0000000000
3 -207.0000000000
9 -206.0000000000
14 -172.0000000000
102 -163.0000000000
149 -161.0000000000
186 -158.0000000000
195 -156.0000000000
204 -154.0000000000
211 -152.0000000000
229 -150.0000000000
263 -149.0000000000
278 -142.0000000000
292 -140.0000000000
345 -135.0000000000
388 -132.0000000000
398 -131.0000000000
410 -128.0000000000
432 -126.0000000000
460 -125.0000000000
464 -124.0000000000
481 -116.0000000000
531 -114.0000000000
553 -113.0000000000
571 -111.0000000000
578 -107.0000000000
614 -106.0000000000
650 -105.0000000000
652 -101.0000000000
682 -100.0000000000
722 -99.0000000000
726 -98.0000000000
730 -93.0000000000
797 -91.0000000000
798 -90.0000000000
809 -86.0000000000
904 -85.0000000000
911 -83.0000000000
950 -80.0000000000
980 -79.0000000000
1019 -77.0000000000
1083 -73.0000000000
1129 -72.0000000000
1172 -71.0000000000
1184 -69.0000000000
1263 -66.0000000000
1283 -65.0000000000
1340 -64.0000000000
1358 -63.0000000000
1393 -62.0000000000
1421 -61.0000000000
1463 -60.0000000000
1479 -58.0000000000
1511 -56.0000000000
1582 -53.0000000000
1641 -51.0000000000
1702 -50.0000000000
1741 -49.0000000000
1743 -46.0000000000
1864 -44.0000000000
1908 -43.0000000000
1926 -42.0000000000
1963 -41.0000000000
2005 -40.0000000000
2055 -37.0000000000
2127 -36.0000000000
2147 -34.0000000000
2204 -33.0000000000
2251 -31.0000000000
2331 -29.0000000000
2343 -27.0000000000
2385 -26.0000000000
2453 -25.0000000000
2505 -23.0000000000
2508 -21.0000000000
2648 -20.0000000000
2676 -19.0000000000
2740 -18.0000000000
2741 -17.0000000000
2823 -16.0000000000
2846 -15.0000000000
2908 -14.0000000000
2961 -13.0000000000
3033 -12.0000000000
3083 -11.0000000000
3091 -10.0000000000
3191 -9.0000000000
3205 -8.0000000000
3282 -6.0000000000
3359 -5.0000000000
3374 -4.0000000000
3428 -3.0000000000
3647 -2.0000000000
3783 -1.0000000000
3899 393.0000000000
3936 402.0000000000
3963 403.0000000000
4001 411.0000000000
4215 415.0000000000
4221 417.0000000000
4354 424.0000000000
4748 425.0000000000
5652 426.0000000000
27843 427.0000000000
28118 428.0000000000
32017 429.0000000000
36297 430.0000000000
39062 431.0000000000
51878 434.0000000000
100000 434.0000000000
evaluations raw_y
1 -215.0000000000
3 -213.0000000000
4 -198.0000000000
10 -193.0000000000
23 -191.0000000000
53 -190.0000000000
57 -188.0000000000
64 -183.0000000000
66 -180.0000000000
127 -179.0000000000
132 -178.0000000000
149 -173.0000000000
164 -164.0000000000
205 -163.0000000000
211 -162.0000000000
233 -160.0000000000
238 -159.0000000000
247 -155.0000000000
262 -148.0000000000
282 -144.0000000000
289 -143.0000000000
304 -140.0000000000
316 -136.0000000000
344 -134.0000000000
365 -131.0000000000
381 -130.0000000000
397 -123.0000000000
453 -121.0000000000
463 -115.0000000000
492 -114.0000000000
496 -113.0000000000
524 -111.0000000000
545 -109.0000000000
550 -106.0000000000
572 -105.0000000000
585 -104.0000000000
613 -103.0000000000
618 -100.0000000000
638 -98.0000000000
649 -96.0000000000
674 -95.0000000000
707 -93.0000000000
717 -91.0000000000
745 -89.0000000000
773 -88.0000000000
781 -87.0000000000
791 -86.0000000000
809 -84.0000000000
844 -79.0000000000
882 -76.0000000000
940 -75.0000000000
971 -73.0000000000
1001 -71.0000000000
1035 -70.0000000000
1050 -68.0000000000
1104 -67.0000000000
1109 -66.0000000000
1151 -65.0000000000
1181 -63.0000000000
1209 -61.0000000000
1274 -60.0000000000
1283 -59.0000000000
1319 -58.0000000000
1342 -57.0000000000
1372 -56.0000000000
1406 -55.0000000000
1409 -54.0000000000
1436 -53.0000000000
1443 -51.0000000000
1495 -48.0000000000
1523 -46.0000000000
1604 -45.0000000000
1625 -44.0000000000
1661 -43.0000000000
1693 -40.0000000000
1765 -37.0000000000
1821 -36.0000000000
1858 -35.0000000000
1887 -32.0000000000
1941 -31.0000000000
2016 -29.0000000000
2110 -28.0000000000
2114 -25.0000000000
2214 -24.0000000000
2298 -21.0000000000
2464 -20.0000000000
2502 -19.0000000000
2549 -18.0000000000
2629 -17.0000000000
2698 -16.0000000000
2745 -15.0000000000
2806 -14.0000000000
2819 -13.0000000000
2892 -12.0000000000
2944 -11.0000000000
2987 -10.0000000000
3024 -9.0000000000
3070 -8.0000000000
3080 -6.0000000000
3207 -5.0000000000
3507 -4.0000000000
3612 -3.0000000000
3650 -2.0000000000
3773 -1.0000000000
3790 354.0000000000
3919 358.0000000000
4174 364.0000000000
4234 372.0000000000
4252 388.0000000000
4367 391.0000000000
4383 396.0000000000
4437 402.0000000000
4612 404.0000000000
4664 405.0000000000
4688 410.0000000000
4965 411.0000000000
6695 415.0000000000
7300 418.0000000000
7460 420.0000000000
7539 423.0000000000
7546 425.0000000000
13312 426.0000000000
38890 427.0000000000
62372 428.0000000000
67885 430.0000000000
74078 431.0000000000
76100 432.0000000000
77265 433.0000000000
77368 434.0000000000
77539 436.0000000000
87832 437.0000000000
100000 -2.0000000000
evaluations raw_y
1 -221.0000000000
3 -218.0000000000
5 -207.0000000000
18 -206.0000000000
20 -205.0000000000
35 -198.0000000000
56 -188.0000000000
92 -185.0000000000
123 -177.0000000000
152 -176.0000000000
170 -171.0000000000
198 -166.0000000000
216 -163.0000000000
225 -160.0000000000
250 -158.0000000000
265 -154.0000000000
272 -153.0000000000
284 -149.0000000000
290 -148.0000000000
332 -147.0000000000
338 -145.0000000000
344 -143.0000000000
350 -142.0000000000
369 -139.0000000000
394 -135.0000000000
402 -133.0000000000
446 -132.0000000000
456 -130.0000000000
473 -127.0000000000
494 -126.0000000000
495 -125.0000000000
501 -122.0000000000
519 -118.0000000000
585 -115.0000000000
602 -113.0000000000
627 -110.0000000000
644 -109.0000000000
657 -107.0000000000
683 -106.0000000000
685 -105.0000000000
710 -104.0000000000
723 -101.0000000000
749 -100.0000000000
751 -98.0000000000
806 -92.0000000000
881 -90.0000000000
923 -89.0000000000
955 -88.0000000000
957 -87.0000000000
981 -86.0000000000
992 -83.0000000000
1064 -82.0000000000
1092 -81.0000000000
1104 -80.0000000000
1120 -78.0000000000
1126 -76.0000000000
1181 -75.0000000000
1196 -74.0000000000
1237 -72.0000000000
1244 -71.0000000000
1264 -70.0000000000
1307 -66.0000000000
1398 -64.0000000000
1472 -63.0000000000
1473 -62.0000000000
1494 -61.0000000000
1502 -60.0000000000
1572 -59.0000000000
1582 -57.0000000000
1625 -56.0000000000
1672 -55.0000000000
1706 -53.0000000000
1766 -52.0000000000
1784 -51.0000000000
1807 -50.0000000000
1832 -49.0000000000
1847 -48.0000000000
1910 -47.0000000000
1915 -46.0000000000
1949 -45.0000000000
1967 -44.0000000000
1984 -43.0000000000
2023 -38.0000000000
2154 -36.0000000000
2190 -35.0000000000
2265 -34.0000000000
2295 -33.0000000000
2320 -31.0000000000
2412 -30.0000000000
2431 -29.0000000000
2528 -28.0000000000
2577 -27.0000000000
2623 -23.0000000000
2742 -22.0000000000
2750 -21.0000000000
2810 -20.0000000000
2836 -19.0000000000
2929 -17.0000000000
2976 -16.0000000000
3014 -15.0000000000
3137 -14.0000000000
3165 -13.0000000000
3231 -11.0000000000
3295 -10.0000000000
3392 -9.0000000000
3482 -7.0000000000
3555 -6.0000000000
3682 -5.0000000000
3745 -4.0000000000
3905 -3.0000000000
4047 -2.0000000000
4149 -1.0000000000
4193 401.0000000000
4210 404.0000000000
4212 406.0000000000
4218 408.0000000000
4386 412.0000000000
4623 417.0000000000
5638 420.0000000000
8029 425.0000000000
10416 427.0000000000
33519 428.0000000000
44358 431.0000000000
81994 432.0000000000
100000 -1.0000000000
evaluations raw_y
1 -207.0000000000
4 -206.0000000000
7 -197.0000000000
43 -185.0000000000
99 -182.0000000000
106 -174.0000000000
147 -169.0000000000
166 -168.0000000000
183 -160.0000000000
193 -155.0000000000
241 -152.0000000000
284 -151.0000000000
296 -146.0000000000
333 -144.0000000000
335 -143.0000000000
340 -142.0000000000
351 -138.0000000000
363 -135.0000000000
407 -134.0000000000
419 -127.0000000000
454 -126.0000000000
472 -124.0000000000
480 -121.0000000000
485 -119.0000000000
517 -115.0000000000
524 -111.0000000000
557 -110.0000000000
596 -109.0000000000
598 -107.0000000000
621 -101.0000000000
663 -100.0000000000
686 -99.0000000000
707 -98.0000000000
740 -92.0000000000
758 -87.0000000000
841 -81.0000000000
881 -80.0000000000
948 -79.0000000000
986 -78.0000000000
1005 -77.0000000000
1016 -75.0000000000
1075 -74.0000000000
1094 -73.0000000000
1169 -72.0000000000
1172 -71.0000000000
1194 -69.0000000000
1240 -68.0000000000
1264 -67.0000000000
1286 -64.0000000000
1339 -59.0000000000
1383 -58.0000000000
1443 -56.0000000000
1446 -55.0000000000
1486 -52.0000000000
1528 -51.0000000000
1567 -50.0000000000
1627 -49.0000000000
1645 -48.0000000000
1695 -46.0000000000
1721 -45.0000000000
1747 -44.0000000000
1784 -43.0000000000
1831 -42.0000000000
1861 -40.0000000000
1887 -39.0000000000
1931 -38.0000000000
1982 -37.0000000000
1988 -35.0000000000
2012 -33.0000000000
2043 -32.0000000000
2097 -31.0000000000
2150 -30.0000000000
2202 -29.0000000000
2252 -28.0000000000
2301 -27.0000000000
2328 -26.0000000000
2344 -25.0000000000
2422 -23.0000000000
2492 -22.0000000000
2559 -21.0000000000
2591 -20.0000000000
2661 -19.0000000000
2739 -17.0000000000
2813 -16.0000000000
2862 -15.0000000000
2971 -14.0000000000
3030 -13.0000000000
3063 -12.0000000000
3102 -11.0000000000
3156 -9.0000000000
3164 -8.0000000000
3225 -7.0000000000
3311 -5.0000000000
3521 -4.0000000000
3551 -3.0000000000
3645 -2.0000000000
3679 -1.0000000000
3745 358.0000000000
3793 363.0000000000
3802 385.0000000000
3978 387.0000000000
4544 392.0000000000
4696 393.0000000000
5088 394.0000000000
5318 399.0000000000
5321 400.0000000000
5617 408.0000000000
7163 409.0000000000
7195 410.0000000000
7288 412.0000000000
8035 414.0000000000
8830 415.0000000000
9093 417.0000000000
9264 421.0000000000
9493 422.0000000000
13035 424.0000000000
25012 425.0000000000
29136 426.0000000000
30157 430.0000000000
30444 431.0000000000
45136 432.0000000000
54488 433.0000000000
58619 434.0000000000
100000 434.0000000000
evaluations raw_y
1 -219.0000000000
2 -209.0000000000
5 -186.0000000000
66 -180.0000000000
68 -176.0000000000
82 -175.0000000000
125 -172.0000000000
138 -166.0000000000
142 -165.0000000000
177 -162.0000000000
186 -160.0000000000
187 -158.0000000000
206 -152.0000000000
241 -147.0000000000
276 -143.0000000000
315 -142.0000000000
319 -141.0000000000
324 -139.0000000000
330 -134.0000000000
369 -132.0000000000
396 -130.0000000000
403 -129.0000000000
426 -127.0000000000
451 -124.0000000000
462 -123.0000000000
502 -120.0000000000
534 -116.0000000000
547 -113.0000000000
552 -112.0000000000
570 -111.0000000000
585 -108.0000000000
621 -107.0000000000
637 -103.0000000000
648 -102.0000000000
654 -101.0000000000
724 -100.0000000000
727 -99.0000000000
730 -98.0000000000
738 -96.0000000000
774 -94.0000000000
803 -91.0000000000
835 -90.0000000000
844 -89.0000000000
853 -86.0000000000
928 -85.0000000000
947 -84.0000000000
957 -83.0000000000
967 -82.0000000000
983 -80.0000000000
1027 -78.0000000000
1049 -76.0000000000
1089 -75.0000000000
1109 -74.0000000000
1147 -73.0000000000
1163 -72.0000000000
1174 -71.0000000000
1183 -70.0000000000
1228 -69.0000000000
1248 -68.0000000000
1278 -67.0000000000
1292 -66.0000000000
1341 -65.0000000000
1343 -64.0000000000
1344 -63.0000000000
1347 -61.0000000000
1411 -60.0000000000
1460 -58.0000000000
1499 -57.0000000000
1507 -55.0000000000
1549 -53.0000000000
1663 -52.0000000000
1667 -51.0000000000
1696 -50.0000000000
1726 -48.0000000000
1766 -47.0000000000
1786 -45.0000000000
1847 -44.0000000000
1877 -42.0000000000
1907 -41.0000000000
1921 -40.0000000000
1969 -39.0000000000
2021 -38.0000000000
2053 -37.0000000000
2085 -36.0000000000
2108 -35.0000000000
2123 -32.0000000000
2219 -31.0000000000
2257 -28.0000000000
2329 -27.0000000000
2352 -26.0000000000
2359 -25.0000000000
2410 -24.0000000000
2477 -23.0000000000
2523 -22.0000000000
2543 -21.0000000000
2626 -20.0000000000
2665 -19.0000000000
2722 -16.0000000000
2847 -15.0000000000
2926 -14.0000000000
3015 -13.0000000000
3070 -12.0000000000
3158 -10.0000000000
3218 -8.0000000000
3265 -6.0000000000
3298 -5.0000000000
3385 -4.0000000000
3409 -3.0000000000
3473 -2.0000000000
3601 -1.0000000000
3704 383.0000000000
3707 394.0000000000
3726 395.0000000000
3798 396.0000000000
3803 404.0000000000
3928 408.0000000000
4077 412.0000000000
5054 416.0000000000
5296 423.0000000000
7297 424.0000000000
8582 429.0000000000
17373 430.0000000000
20314 431.0000000000
38038 433.0000000000
39863 435.0000000000
47767 438.0000000000
53578 443.0000000000
100000 423.0000000000
evaluations raw_y
1 -211.0000000000
7 -210.0000000000
9 -199.0000000000
10 -197.0000000000
54 -194.0000000000
67 -191.0000000000
71 -190.0000000000
83 -187.0000000000
112 -181.0000000000
124 -177.0000000000
142 -176.0000000000
155 -173.0000000000
163 -170.0000000000
167 -169.0000000000
189 -162.0000000000
240 -161.0000000000
243 -160.0000000000
257 -156.0000000000
264 -154.0000000000
267 -153.0000000000
284 -152.0000000000
301 -150.0000000000
307 -149.0000000000
331 -148.0000000000
335 -144.0000000000
344 -142.0000000000
357 -138.0000000000
368 -135.0000000000
396 -134.0000000000
405 -133.0000000000
406 -131.0000000000
417 -128.0000000000
433 -126.0000000000
460 -125.0000000000
467 -121.0000000000
489 -120.0000000000
498 -115.0000000000
534 -110.0000000000
570 -108.0000000000
581 -105.0000000000
607 -103.0000000000
632 -102.0000000000
665 -101.0000000000
673 -97.0000000000
676 -96.0000000000
714 -95.0000000000
721 -94.0000000000
731 -91.0000000000
746 -89.0000000000
777 -88.0000000000
784 -87.0000000000
791 -85.0000000000
812 -83.0000000000
826 -82.0000000000
852 -79.0000000000
863 -78.0000000000
922 -77.0000000000
938 -75.0000000000
946 -73.0000000000
989 -71.0000000000
1017 -69.0000000000
1055 -68.0000000000
1078 -67.0000000000
1083 -66.0000000000
1116 -63.0000000000
1153 -62.0000000000
1169 -60.0000000000
1189 -58.0000000000
1221 -57.0000000000
1251 -56.0000000000
1271 -55.0000000000
1293 -52.0000000000
1311 -51.0000000000
1370 -50.0000000000
1402 -49.0000000000
1409 -48.0000000000
1426 -47.0000000000
1472 -46.0000000000
1480 -45.0000000000
1482 -44.0000000000
1511 -43.0000000000
1597 -42.0000000000
1615 -41.0000000000
1628 -40.0000000000
1700 -39.0000000000
1717 -37.0000000000
1753 -35.0000000000
1795 -34.0000000000
1837 -33.0000000000
1858 -32.0000000000
1933 -31.0000000000
1952 -29.0000000000
1989 -28.0000000000
2051 -27.0000000000
2121 -26.0000000000
2175 -25.0000000000
2216 -24.0000000000
2221 -23.0000000000
2285 -22.0000000000
2347 -21.0000000000
2384 -20.0000000000
2444 -18.0000000000
2504 -16.0000000000
2588 -15.0000000000
2702 -14.0000000000
2705 -13.0000000000
2797 -12.0000000000
2804 -11.0000000000
2885 -10.0000000000
2905 -8.0000000000
2942 -7.0000000000
3033 -6.0000000000
3196 -5.0000000000
3337 -4.0000000000
3446 -3.0000000000
3462 -2.0000000000
3626 -1.0000000000
3802 388.0000000000
3971 390.0000000000
3991 392.0000000000
4176 397.0000000000
4827 413.0000000000
9233 417.0000000000
9918 420.0000000000
10165 421.0000000000
10564 422.0000000000
10738 423.0000000000
10897 426.0000000000
23701 428.0000000000
26065 429.0000000000
33179 430.0000000000
34845 431.0000000000
100000 -1.0000000000
evaluations raw_y
1 -213.0000000000
4 -211.0000000000
8 -203.0000000000
10 -196.0000000000
49 -195.0000000000
51 -190.0000000000
60 -188.0000000000
65 -183.0000000000
120 -174.0000000000
142 -172.0000000000
148 -170.0000000000
161 -163.0000000000
199 -160.0000000000
211 -154.0000000000
232 -152.0000000000
264 -150.0000000000
274 -148.0000000000
281 -147.0000000000
296 -145.0000000000
300 -144.0000000000
307 -143.0000000000
321 -140.0000000000
332 -138.0000000000
340 -136.0000000000
342 -135.0000000000
373 -131.0000000000
374 -130.0000000000
390 -129.0000000000
401 -125.0000000000
435 -124.0000000000
441 -117.0000000000
483 -113.0000000000
513 -110.0000000000
521 -107.0000000000
542 -106.0000000000
546 -105.0000000000
567 -104.0000000000
570 -102.0000000000
581 -100.0000000000
610 -98.0000000000
617 -97.0000000000
621 -94.0000000000
628 -93.0000000000
665 -92.0000000000
666 -90.0000000000
692 -89.0000000000
716 -88.0000000000
724 -87.0000000000
730 -86.0000000000
746 -84.0000000000
760 -82.0000000000
788 -81.0000000000
811 -80.0000000000
831 -79.0000000000
848 -75.0000000000
882 -73.0000000000
935 -72.0000000000
985 -71.0000000000
1031 -69.0000000000
1061 -65.0000000000
1154 -64.0000000000
1165 -63.0000000000
1196 -62.0000000000
1212 -60.0000000000
1243 -59.0000000000
1298 -57.0000000000
1324 -56.0000000000
1362 -55.0000000000
1382 -54.0000000000
1445 -53.0000000000
1501 -52.0000000000
1549 -51.0000000000
1554 -50.0000000000
1574 -49.0000000000
1643 -47.0000000000
1674 -46.0000000000
1703 -45.0000000000
1759 -43.0000000000
1805 -42.0000000000
1879 -41.0000000000
1924 -40.0000000000
1947 -39.0000000000
2015 -37.0000000000
2042 -36.0000000000
2053 -35.0000000000
2103 -34.0000000000
2146 -33.0000000000
2205 -32.0000000000
2248 -30.0000000000
2326 -29.0000000000
2343 -28.0000000000
2388 -26.0000000000
2441 -25.0000000000
2524 -23.0000000000
2533 -22.0000000000
2563 -21.0000000000
2583 -19.0000000000
2661 -18.0000000000
2689 -17.0000000000
2706 -16.0000000000
2756 -15.0000000000
2793 -14.0000000000
2799 -13.0000000000
2834 -12.0000000000
2886 -10.0000000000
2930 -9.0000000000
3016 -7.0000000000
3113 -6.0000000000
3224 -5.0000000000
3332 -4.0000000000
3391 -3.0000000000
3534 -2.0000000000
3592 -1.0000000000
3705 378.0000000000
3778 387.0000000000
4256 390.0000000000
4319 398.0000000000
4340 399.0000000000
4389 400.0000000000
4447 403.0000000000
4539 405.0000000000
4731 407.0000000000
4753 408.0000000000
4948 409.0000000000
5049 414.0000000000
9293 418.0000000000
13220 422.0000000000
13361 424.0000000000
13936 427.0000000000
38239 428.0000000000
98767 429.0000000000
100000 429.0000000000
evaluations raw_y
1 -220.0000000000
2 -215.0000000000
3 -211.0000000000
4 -199.0000000000
10 -184.0000000000
44 -181.0000000000
79 -178.0000000000
85 -177.0000000000
89 -171.0000000000
103 -169.0000000000
146 -167.0000000000
156 -162.0000000000
160 -160.0000000000
161 -159.0000000000
168 -158.0000000000
187 -154.0000000000
201 -153.0000000000
205 -149.0000000000
213 -145.0000000000
246 -143.0000000000
252 -139.0000000000
289 -133.0000000000
313 -130.0000000000
339 -128.0000000000
372 -125.0000000000
378 -120.0000000000
407 -119.0000000000
426 -115.0000000000
442 -107.0000000000
562 -105.0000000000
582 -104.0000000000
593 -101.0000000000
613 -100.0000000000
630 -99.0000000000
661 -95.0000000000
719 -94.0000000000
750 -93.0000000000
756 -87.0000000000
789 -86.0000000000
804 -82.0000000000
855 -79.0000000000
885 -76.0000000000
915 -75.0000000000
923 -73.0000000000
963 -72.0000000000
997 -71.0000000000
1003 -70.0000000000
1039 -69.0000000000
1041 -68.0000000000
1063 -65.0000000000
1105 -64.0000000000
1121 -63.0000000000
1141 -62.0000000000
1191 -61.0000000000
1239 -60.0000000000
1252 -59.0000000000
1289 -57.0000000000
1341 -56.0000000000
1373 -53.0000000000
1427 -51.0000000000
1483 -50.0000000000
1489 -49.0000000000
1501 -48.0000000000
1506 -47.0000000000
1592 -44.0000000000
1637 -43.0000000000
1699 -41.0000000000
1751 -39.0000000000
1773 -38.0000000000
1864 -36.0000000000
1943 -34.0000000000
1960 -33.0000000000
2031 -32.0000000000
2058 -31.0000000000
2146 -30.0000000000
2167 -29.0000000000
2225 -28.0000000000
2263 -27.0000000000
2282 -26.0000000000
2302 -25.0000000000
2349 -24.0000000000
2388 -23.0000000000
2441 -22.0000000000
2478 -21.0000000000
2520 -20.0000000000
2598 -19.0000000000
2662 -17.0000000000
2705 -16.0000000000
2757 -15.0000000000
2792 -14.0000000000
2814 -13.0000000000
2882 -12.0000000000
2903 -11.0000000000
2950 -10.0000000000
3046 -9.0000000000
3145 -8.0000000000
3163 -7.0000000000
3260 -6.0000000000
3282 -5.0000000000
3460 -4.0000000000
3506 -3.0000000000
3577 -2.0000000000
3669 -1.0000000000
3870 388.0000000000
4051 398.0000000000
4090 401.0000000000
4109 411.0000000000
4265 412.0000000000
4298 413.0000000000
4511 415.0000000000
4756 416.0000000000
4818 418.0000000000
5277 419.0000000000
5308 422.0000000000
5333 425.0000000000
8048 428.0000000000
8289 429.0000000000
21883 432.0000000000
30194 434.0000000000
59309 435.0000000000
69504 436.0000000000
100000 436.0000000000
evaluations raw_y
1 -211.0000000000
2 -206.0000000000
5 -205.0000000000
7 -185.0000000000
81 -175.0000000000
106 -174.0000000000
163 -169.0000000000
165 -167.0000000000
204 -165.0000000000
207 -162.0000000000
208 -159.0000000000
225 -155.0000000000
256 -152.0000000000
277 -147.0000000000
283 -146.0000000000
317 -145.0000000000
327 -138.0000000000
372 -137.0000000000
389 -135.0000000000
413 -133.0000000000
429 -132.0000000000
440 -129.0000000000
446 -127.0000000000
461 -124.0000000000
487 -117.0000000000
562 -116.0000000000
577 -114.0000000000
584 -110.0000000000
632 -109.0000000000
643 -108.0000000000
653 -107.0000000000
655 -105.0000000000
702 -104.0000000000
727 -100.0000000000
770 -99.0000000000
787 -98.0000000000
807 -95.0000000000
848 -94.0000000000
859 -93.0000000000
898 -92.0000000000
908 -90.0000000000
929 -88.0000000000
956 -84.0000000000
1035 -83.0000000000
1039 -80.0000000000
1056 -79.0000000000
1063 -78.0000000000
1125 -77.0000000000
1150 -74.0000000000
1203 -71.0000000000
1318 -69.0000000000
1321 -68.0000000000
1376 -66.0000000000
1403 -63.0000000000
1433 -61.0000000000
1483 -59.0000000000
1555 -58.0000000000
1570 -57.0000000000
1594 -56.0000000000
1631 -55.0000000000
1645 -53.0000000000
1675 -52.0000000000
1724 -51.0000000000
1742 -50.0000000000
1752 -49.0000000000
1849 -48.0000000000
1895 -47.0000000000
1956 -46.0000000000
2023 -44.0000000000
2034 -43.0000000000
2084 -41.0000000000
2123 -39.0000000000
2234 -37.0000000000
2241 -36.0000000000
2303 -35.0000000000
2340 -34.0000000000
2395 -33.0000000000
2412 -32.0000000000
2466 -28.0000000000
2554 -27.0000000000
2581 -26.0000000000
2611 -25.0000000000
2627 -23.0000000000
2724 -22.0000000000
2761 -21.0000000000
2850 -20.0000000000
2870 -19.0000000000
2895 -18.0000000000
2944 -17.0000000000
2994 -15.0000000000
3129 -14.0000000000
3202 -13.0000000000
3263 -12.0000000000
3326 -11.0000000000
3340 -10.0000000000
3376 -9.0000000000
3454 -7.0000000000
3502 -6.0000000000
3616 -5.0000000000
3654 -4.0000000000
3863 -3.0000000000
3990 -2.0000000000
4087 -1.0000000000
4274 371.0000000000
4301 381.0000000000
4403 382.0000000000
4466 387.0000000000
4567 388.0000000000
4669 389.0000000000
4700 390.0000000000
4777 391.0000000000
4788 392.0000000000
4803 394.0000000000
4959 397.0000000000
4998 399.0000000000
5031 408.0000000000
5052 410.0000000000
5138 416.0000000000
5506 418.0000000000
9411 421.0000000000
12870 426.0000000000
19818 428.0000000000
19949 432.0000000000
61963 434.0000000000
75191 435.0000000000
100000 -1.0000000000
evaluations raw_y
1 -210.0000000000
2 -197.0000000000
63 -185.0000000000
85 -180.0000000000
141 -179.0000000000
144 -173.0000000000
164 -168.0000000000
201 -163.0000000000
208 -157.0000000000
236 -156.0000000000
266 -151.0000000000
305 -150.0000000000
307 -145.0000000000
324 -143.0000000000
342 -137.0000000000
364 -134.0000000000
394 -130.0000000000
438 -129.0000000000
444 -122.0000000000
461 -121.0000000000
484 -120.0000000000
490 -117.0000000000
510 -116.0000000000
515 -114.0000000000
564 -108.0000000000
598 -106.0000000000
608 -103.0000000000
616 -102.0000000000
626 -101.0000000000
632 -100.0000000000
675 -96.0000000000
701 -95.0000000000
702 -94.0000000000
731 -92.0000000000
749 -91.0000000000
752 -89.0000000000
785 -87.0000000000
794 -86.0000000000
804 -85.0000000000
842 -83.0000000000
855 -82.0000000000
863 -81.0000000000
875 -80.0000000000
885 -77.0000000000
902 -76.0000000000
947 -73.0000000000
978 -72.0000000000
1005 -70.0000000000
1027 -68.0000000000
1091 -67.0000000000
1093 -66.0000000000
1107 -65.0000000000
1142 -64.0000000000
1149 -63.0000000000
1193 -61.0000000000
1215 -60.0000000000
1225 -59.0000000000
1275 -56.0000000000
1294 -55.0000000000
1338 -54.0000000000
1354 -53.0000000000
1401 -48.0000000000
1425 -47.0000000000
1474 -45.0000000000
1548 -44.0000000000
1563 -42.0000000000
1625 -41.0000000000
1633 -40.0000000000
1705 -39.0000000000
1734 -37.0000000000
1805 -36.0000000000
1882 -34.0000000000
1942 -33.0000000000
1980 -32.0000000000
2015 -31.0000000000
2016 -29.0000000000
2087 -28.0000000000
2141 -27.0000000000
2201 -26.0000000000
2231 -25.0000000000
2318 -24.0000000000
2336 -23.0000000000
2412 -22.0000000000
2473 -21.0000000000
2545 -20.0000000000
2606 -18.0000000000
2744 -17.0000000000
2762 -16.0000000000
2885 -15.0000000000
2902 -14.0000000000
2922 -13.0000000000
3010 -12.0000000000
3065 -11.0000000000
3142 -10.0000000000
3161 -9.0000000000
3207 -8.0000000000
3318 -7.0000000000
3348 -6.0000000000
3481 -5.0000000000
3562 -4.0000000000
3618 -3.0000000000
3702 -2.0000000000
3833 -1.0000000000
3894 376.0000000000
3958 384.0000000000
4002 385.0000000000
4069 386.0000000000
4072 387.0000000000
4226 391.0000000000
4371 397.0000000000
4515 399.0000000000
4523 402.0000000000
4583 403.0000000000
4700 407.0000000000
5008 409.0000000000
5233 411.0000000000
5365 412.0000000000
5678 413.0000000000
7084 416.0000000000
7838 417.0000000000
7928 419.0000000000
8240 423.0000000000
8432 424.0000000000
8521 425.0000000000
8582 426.0000000000
8605 429.0000000000
8786 430.0000000000
22959 431.0000000000
51393 433.0000000000
95086 434.0000000000
100000 -5.0000000000
evaluations raw_y
1 -203.0000000000
44 -202.0000000000
70 -200.0000000000
73 -194.0000000000
81 -193.0000000000
112 -185.0000000000
133 -183.0000000000
137 -182.0000000000
143 -180.0000000000
159 -179.0000000000
170 -177.0000000000
181 -176.0000000000
188 -173.0000000000
191 -171.0000000000
192 -170.0000000000
207 -168.0000000000
225 -167.0000000000
249 -165.0000000000
266 -164.0000000000
275 -163.0000000000
281 -162.0000000000
284 -160.0000000000
285 -158.0000000000
309 -155.0000000000
320 -150.0000000000
343 -148.0000000000
346 -144.0000000000
361 -142.0000000000
404 -140.0000000000
416 -136.0000000000
450 -135.0000000000
467 -129.0000000000
482 -126.0000000000
531 -123.0000000000
557 -122.0000000000
569 -121.0000000000
587 -120.0000000000
611 -119.0000000000
613 -118.0000000000
622 -116.0000000000
623 -113.0000000000
633 -112.0000000000
680 -111.0000000000
681 -110.0000000000
687 -108.0000000000
708 -105.0000000000
732 -104.0000000000
740 -102.0000000000
746 -101.0000000000
781 -100.0000000000
783 -98.0000000000
819 -95.0000000000
858 -93.0000000000
864 -92.0000000000
889 -91.0000000000
907 -90.0000000000
910 -89.0000000000
941 -88.0000000000
950 -84.0000000000
1014 -81.0000000000
1058 -80.0000000000
1076 -78.0000000000
1120 -76.0000000000
1163 -74.0000000000
1166 -73.0000000000
1230 -72.0000000000
1248 -71.0000000000
1282 -70.0000000000
1328 -69.0000000000
1364 -68.0000000000
1386 -67.0000000000
1390 -66.0000000000
1410 -65.0000000000
1449 -64.0000000000
1505 -63.0000000000
1523 -62.0000000000
1528 -61.0000000000
1583 -58.0000000000
1642 -57.0000000000
1661 -56.0000000000
1686 -55.0000000000
1704 -54.0000000000
1754 -52.0000000000
1762 -50.0000000000
1816 -49.0000000000
1868 -48.0000000000
1906 -46.0000000000
1962 -45.0000000000
1967 -44.0000000000
1991 -43.0000000000
2064 -42.0000000000
2066 -41.0000000000
2107 -40.0000000000
2124 -38.0000000000
2209 -37.0000000000
2254 -35.0000000000
2318 -34.0000000000
2354 -33.0000000000
2413 -32.0000000000
2500 -31.0000000000
2503 -30.0000000000
2572 -29.0000000000
2576 -28.0000000000
2617 -27.0000000000
2696 -26.0000000000
2721 -25.0000000000
2791 -24.0000000000
2802 -23.0000000000
2813 -22.0000000000
2872 -21.0000000000
2918 -20.0000000000
2960 -19.0000000000
3025 -17.0000000000
3096 -16.0000000000
3151 -15.0000000000
3197 -13.0000000000
3242 -12.0000000000
3299 -10.0000000000
3424 -9.0000000000
3557 -8.0000000000
3599 -7.0000000000
3630 -5.0000000000
3725 -3.0000000000
3815 -2.0000000000
3847 -1.0000000000
3931 399.0000000000
4323 401.0000000000
4507 411.0000000000
4666 414.0000000000
4697 418.0000000000
4850 423.0000000000
5075 425.0000000000
10065 429.0000000000
10268 430.0000000000
14097 431.0000000000
16453 432.0000000000
17042 434.0000000000
100000 -1.0000000000
evaluations raw_y
1 -231.0000000000
2 -226.0000000000
3 -211.0000000000
4 -207.0000000000
10 -203.0000000000
24 -198.0000000000
66 -195.0000000000
68 -188.0000000000
122 -175.0000000000
147 -168.0000000000
205 -166.0000000000
220 -157.0000000000
241 -155.0000000000
262 -154.0000000000
273 -153.0000000000
277 -149.0000000000
283 -145.0000000000
322 -136.0000000000
372 -133.0000000000
383 -129.0000000000
401 -125.0000000000
429 -122.0000000000
464 -120.0000000000
477 -116.0000000000
532 -114.0000000000
553 -113.0000000000
555 -108.0000000000
588 -107.0000000000
602 -100.0000000000
612 -97.0000000000
662 -94.0000000000
667 -93.0000000000
694 -92.0000000000
705 -90.0000000000
744 -86.0000000000
805 -84.0000000000
823 -81.0000000000
847 -76.0000000000
901 -75.0000000000
904 -74.0000000000
929 -72.0000000000
941 -70.0000000000
961 -69.0000000000
1014 -68.0000000000
1024 -67.0000000000
1047 -66.0000000000
1061 -65.0000000000
1101 -63.0000000000
1126 -62.0000000000
1155 -58.0000000000
1237 -57.0000000000
1272 -56.0000000000
1303 -55.0000000000
1329 -54.0000000000
1340 -53.0000000000
1351 -51.0000000000
1406 -48.0000000000
1477 -47.0000000000
1554 -46.0000000000
1582 -45.0000000000
1602 -44.0000000000
1621 -43.0000000000
1694 -42.0000000000
1727 -41.0000000000
1755 -40.0000000000
1806 -39.0000000000
1860 -36.0000000000
1983 -35.0000000000
2006 -34.0000000000
2052 -33.0000000000
2092 -32.0000000000
2099 -31.0000000000
2127 -30.0000000000
2196 -29.0000000000
2208 -27.0000000000
2270 -26.0000000000
2278 -25.0000000000
2304 -24.0000000000
2339 -23.0000000000
2391 -22.0000000000
2404 -21.0000000000
2429 -20.0000000000
2442 -19.0000000000
2522 -18.0000000000
2568 -17.0000000000
2626 -16.0000000000
2697 -15.0000000000
2724 -13.0000000000
2795 -11.0000000000
2881 -10.0000000000
2966 -9.0000000000
2982 -7.0000000000
3113 -6.0000000000
3182 -5.0000000000
3314 -4.0000000000
3469 -3.0000000000
3606 -1.0000000000
3728 372.0000000000
4106 376.0000000000
4197 381.0000000000
4199 382.0000000000
4283 383.0000000000
4373 390.0000000000
4479 396.0000000000
4574 399.0000000000
4640 401.0000000000
4892 405.0000000000
4905 407.0000000000
4928 411.0000000000
5024 412.0000000000
5304 418.0000000000
5921 420.0000000000
5991 422.0000000000
9657 423.0000000000
9767 424.0000000000
9995 425.0000000000
16455 427.0000000000
23296 430.0000000000
24863 433.0000000000
25698 436.0000000000
100000 -3.0000000000
evaluations raw_y
1 -198.0000000000
2 -197.0000000000
21 -195.0000000000
30 -192.0000000000
44 -190.0000000000
61 -187.0000000000
85 -183.0000000000
87 -178.0000000000
128 -177.0000000000
137 -173.0000000000
140 -171.0000000000
143 -169.0000000000
145 -167.0000000000
159 -161.0000000000
202 -153.0000000000
227 -151.0000000000
243 -150.0000000000
255 -147.0000000000
265 -144.0000000000
282 -141.0000000000
308 -140.0000000000
310 -138.0000000000
338 -136.0000000000
371 -130.0000000000
404 -124.0000000000
430 -117.0000000000
500 -116.0000000000
517 -113.0000000000
538 -112.0000000000
558 -108.0000000000
629 -106.0000000000
661 -105.0000000000
683 -102.0000000000
702 -101.0000000000
734 -97.0000000000
795 -95.0000000000
802 -93.0000000000
846 -91.0000000000
869 -86.0000000000
931 -85.0000000000
961 -84.0000000000
971 -80.0000000000
1063 -79.0000000000
1071 -78.0000000000
1098 -77.0000000000
1110 -76.0000000000
1162 -75.0000000000
1170 -74.0000000000
1201 -71.0000000000
1270 -69.0000000000
1296 -68.0000000000
1344 -67.0000000000
1379 -65.0000000000
1423 -64.0000000000
1436 -63.0000000000
1477 -62.0000000000
1478 -61.0000000000
1522 -60.0000000000
1563 -59.0000000000
1593 -57.0000000000
1676 -56.0000000000
1683 -55.0000000000
1706 -54.0000000000
1772 -53.0000000000
1814 -52.0000000000
1835 -51.0000000000
1856 -49.0000000000
1881 -48.0000000000
1931 -47.0000000000
1950 -45.0000000000
2009 -43.0000000000
2081 -41.0000000000
2122 -40.0000000000
2201 -38.0000000000
2233 -37.0000000000
2303 -36.0000000000
2304 -35.0000000000
2316 -34.0000000000
2354 -32.0000000000
2418 -31.0000000000
2457 -30.0000000000
2464 -29.0000000000
2581 -28.0000000000
2655 -27.0000000000
2676 -26.0000000000
2734 -25.0000000000
2788 -24.0000000000
2805 -22.0000000000
2905 -21.0000000000
3027 -19.0000000000
3156 -18.0000000000
3172 -17.0000000000
3236 -15.0000000000
3353 -14.0000000000
3416 -13.0000000000
3464 -12.0000000000
3547 -11.0000000000
3587 -10.0000000000
3665 -9.0000000000
3732 -8.0000000000
3826 -7.0000000000
3875 -6.0000000000
3975 -5.0000000000
4114 -4.0000000000
4295 -3.0000000000
4406 -2.0000000000
4442 -1.0000000000
4496 376.0000000000
4737 381.0000000000
4770 388.0000000000
4817 390.0000000000
4821 400.0000000000
4870 402.0000000000
4893 406.0000000000
5008 410.0000000000
5151 411.0000000000
5164 413.0000000000
5333 416.0000000000
5342 418.0000000000
5634 420.0000000000
5995 423.0000000000
7223 426.0000000000
7669 428.0000000000
50972 430.0000000000
99009 431.0000000000
100000 -1.0000000000
evaluations raw_y
1 -225.0000000000
2 -212.0000000000
3 -209.0000000000
4 -208.0000000000
8 -207.0000000000
9 -206.0000000000
12 -202.0000000000
31 -200.0000000000
36 -197.0000000000
42 -194.0000000000
49 -190.0000000000
69 -183.0000000000
104 -182.0000000000
116 -179.0000000000
126 -175.0000000000
136 -173.0000000000
158 -169.0000000000
162 -163.0000000000
187 -160.0000000000
221 -158.0000000000
223 -150.0000000000
264 -147.0000000000
296 -144.0000000000
301 -142.0000000000
319 -141.0000000000
341 -133.0000000000
381 -132.0000000000
389 -130.0000000000
397 -125.0000000000
428 -123.0000000000
439 -122.0000000000
447 -119.0000000000
468 -118.0000000000
473 -116.0000000000
482 -115.0000000000
506 -114.0000000000
522 -112.0000000000
533 -105.0000000000
594 -104.0000000000
609 -100.0000000000
645 -96.0000000000
663 -95.0000000000
683 -94.0000000000
702 -93.0000000000
724 -90.0000000000
739 -87.0000000000
761 -83.0000000000
841 -78.0000000000
886 -77.0000000000
932 -76.0000000000
967 -75.0000000000
978 -74.0000000000
987 -71.0000000000
999 -70.0000000000
1039 -69.0000000000
1109 -67.0000000000
1144 -65.0000000000
1172 -63.0000000000
1268 -62.0000000000
1273 -60.0000000000
1331 -59.0000000000
1368 -58.0000000000
1434 -57.0000000000
1445 -56.0000000000
1466 -55.0000000000
1479 -54.0000000000
1528 -53.0000000000
1545 -52.0000000000
1583 -51.0000000000
1596 -49.0000000000
1655 -48.0000000000
1677 -47.0000000000
1708 -46.0000000000
1760 -45.0000000000
1776 -44.0000000000
1823 -43.0000000000
1832 -41.0000000000
1873 -40.0000000000
1963 -39.0000000000
1991 -38.0000000000
2011 -37.0000000000
2044 -36.0000000000
2138 -34.0000000000
2198 -33.0000000000
2217 -31.0000000000
2283 -30.0000000000
2373 -28.0000000000
2439 -26.0000000000
2460 -25.0000000000
2522 -24.0000000000
2538 -23.0000000000
2546 -21.0000000000
2627 -20.0000000000
2666 -19.0000000000
2727 -18.0000000000
2750 -17.0000000000
2847 -16.0000000000
2874 -15.0000000000
2897 -14.0000000000
2940 -13.0000000000
2966 -12.0000000000
3017 -11.0000000000
3075 -10.0000000000
3120 -9.0000000000
3248 -8.0000000000
3360 -7.0000000000
3428 -5.0000000000
3561 -4.0000000000
3651 -3.0000000000
3800 -2.0000000000
3881 -1.0000000000
3927 372.0000000000
4004 382.0000000000
4052 384.0000000000
4104 387.0000000000
4186 391.0000000000
4317 393.0000000000
4363 398.0000000000
4586 400.0000000000
4649 401.0000000000
4688 406.0000000000
6049 408.0000000000
6163 409.0000000000
6164 410.0000000000
6190 411.0000000000
6236 412.0000000000
6266 417.0000000000
6940 418.0000000000
7068 419.0000000000
8901 420.0000000000
9191 421.0000000000
9413 425.0000000000
10959 427.0000000000
29851 428.0000000000
100000 -1.0000000000
evaluations raw_y
1 -226.0000000000
2 -224.0000000000
3 -222.0000000000
5 -217.0000000000
6 -201.0000000000
16 -199.0000000000
26 -197.0000000000
64 -195.0000000000
80 -189.0000000000
106 -185.0000000000
107 -183.0000000000
141 -176.0000000000
170 -174.0000000000
175 -170.0000000000
195 -168.0000000000
238 -163.0000000000
263 -160.0000000000
283 -157.0000000000
310 -155.0000000000
314 -148.0000000000
326 -147.0000000000
344 -146.0000000000
357 -145.0000000000
379 -144.0000000000
385 -138.0000000000
388 -135.0000000000
442 -131.0000000000
453 -128.0000000000
465 -126.0000000000
522 -124.0000000000
529 -123.0000000000
555 -122.0000000000
557 -120.0000000000
563 -118.0000000000
607 -111.0000000000
652 -110.0000000000
656 -109.0000000000
686 -103.0000000000
736 -102.0000000000
760 -99.0000000000
806 -98.0000000000
810 -97.0000000000
824 -95.0000000000
871 -93.0000000000
877 -92.0000000000
882 -91.0000000000
908 -90.0000000000
943 -88.0000000000
970 -87.0000000000
1005 -86.0000000000
1017 -85.0000000000
1053 -82.0000000000
1107 -81.0000000000
1112 -80.0000000000
1144 -78.0000000000
1167 -76.0000000000
1186 -74.0000000000
1272 -73.0000000000
1273 -72.0000000000
1309 -71.0000000000
1316 -70.0000000000
1358 -69.0000000000
1362 -68.0000000000
1407 -67.0000000000
1424 -65.0000000000
1481 -64.0000000000
1487 -63.0000000000
1552 -60.0000000000
1609 -58.0000000000
1622 -56.0000000000
1635 -55.0000000000
1682 -54.0000000000
1729 -53.0000000000
1734 -52.0000000000
1771 -50.0000000000
1836 -49.0000000000
1854 -48.0000000000
1887 -46.0000000000
1968 -45.0000000000
2017 -44.0000000000
2055 -43.0000000000
2105 -42.0000000000
2160 -41.0000000000
2223 -40.0000000000
2246 -39.0000000000
2289 -38.0000000000
2359 -37.0000000000
2434 -35.0000000000
2476 -34.0000000000
2496 -33.0000000000
2556 -31.0000000000
2567 -30.0000000000
2598 -29.0000000000
2636 -28.0000000000
2692 -27.0000000000
2700 -26.0000000000
2756 -25.0000000000
2775 -24.0000000000
2783 -22.0000000000
2879 -21.0000000000
2892 -20.0000000000
2928 -19.0000000000
2976 -17.0000000000
3072 -15.0000000000
3163 -14.0000000000
3194 -12.0000000000
3294 -11.0000000000
3372 -10.0000000000
3408 -9.0000000000
3488 -8.0000000000
3600 -7.0000000000
3681 -6.0000000000
3744 -5.0000000000
3788 -4.0000000000
3846 -3.0000000000
3913 -2.0000000000
3956 -1.0000000000
4102 391.0000000000
4601 392.0000000000
4750 397.0000000000
4998 399.0000000000
5064 402.0000000000
5082 403.0000000000
5096 405.0000000000
5178 407.0000000000
5286 412.0000000000
5384 415.0000000000
5421 417.0000000000
5502 419.0000000000
8043 421.0000000000
18840 422.0000000000
24364 423.0000000000
40104 425.0000000000
46161 426.0000000000
47424 427.0000000000
71626 428.0000000000
74514 429.0000000000
74659 430.0000000000
100000 430.0000000000
evaluations raw_y
1 -205.0000000000
2 -201.0000000000
3 -195.0000000000
33 -188.0000000000
55 -187.0000000000
62 -183.0000000000
81 -178.0000000000
113 -171.0000000000
122 -170.0000000000
149 -161.0000000000
157 -152.0000000000
257 -147.0000000000
277 -146.0000000000
302 -144.0000000000
305 -140.0000000000
324 -137.0000000000
331 -134.0000000000
349 -131.0000000000
392 -129.0000000000
404 -127.0000000000
428 -126.0000000000
437 -125.0000000000
446 -123.0000000000
450 -119.0000000000
504 -117.0000000000
506 -114.0000000000
548 -110.0000000000
553 -109.0000000000
561 -104.0000000000
589 -102.0000000000
620 -100.0000000000
647 -96.0000000000
719 -91.0000000000
727 -89.0000000000
742 -88.0000000000
774 -86.0000000000
784 -78.0000000000
870 -77.0000000000
877 -74.0000000000
918 -73.0000000000
942 -72.0000000000
957 -71.0000000000
973 -70.0000000000
995 -68.0000000000
1003 -67.0000000000
1044 -66.0000000000
1054 -65.0000000000
1069 -60.0000000000
1176 -59.0000000000
1183 -57.0000000000
1194 -56.0000000000
1247 -55.0000000000
1267 -53.0000000000
1296 -52.0000000000
1313 -50.0000000000
1366 -48.0000000000
1393 -47.0000000000
1420 -46.0000000000
1449 -45.0000000000
1502 -44.0000000000
1520 -43.0000000000
1533 -41.0000000000
1581 -38.0000000000
1652 -37.0000000000
1684 -36.0000000000
1709 -35.0000000000
1753 -34.0000000000
1823 -33.0000000000
1843 -31.0000000000
1902 -30.0000000000
1934 -28.0000000000
2035 -27.0000000000
2077 -26.0000000000
2097 -25.0000000000
2146 -24.0000000000
2248 -23.0000000000
2269 -22.0000000000
2310 -21.0000000000
2406 -20.0000000000
2479 -19.0000000000
2536 -18.0000000000
2572 -17.0000000000
2609 -16.0000000000
2625 -15.0000000000
2693 -14.0000000000
2749 -13.0000000000
2881 -12.0000000000
2932 -9.0000000000
3062 -8.0000000000
3072 -7.0000000000
3122 -6.0000000000
3184 -5.0000000000
3291 -4.0000000000
3463 -3.0000000000
3589 -1.0000000000
3719 387.0000000000
3807 389.0000000000
3818 390.0000000000
3912 392.0000000000
3931 396.0000000000
4068 398.0000000000
4145 399.0000000000
4293 400.0000000000
4392 403.0000000000
4420 408.0000000000
4893 412.0000000000
7044 414.0000000000
7078 417.0000000000
7462 423.0000000000
11508 427.0000000000
17120 428.0000000000
100000 -2.0000000000
evaluations raw_y
1 -220.0000000000
2 -209.0000000000
9 -203.0000000000
12 -196.0000000000
16 -195.0000000000
43 -194.0000000000
53 -186.0000000000
85 -185.0000000000
101 -179.0000000000
137 -174.0000000000
167 -169.0000000000
176 -164.0000000000
227 -160.0000000000
235 -151.0000000000
277 -149.0000000000
301 -146.0000000000
312 -132.0000000000
385 -130.0000000000
423 -129.0000000000
428 -123.0000000000
465 -121.0000000000
501 -112.0000000000
548 -110.0000000000
562 -109.0000000000
577 -104.0000000000
598 -102.0000000000
638 -101.0000000000
641 -99.0000000000
653 -98.0000000000
658 -97.0000000000
686 -94.0000000000
708 -91.0000000000
777 -89.0000000000
823 -88.0000000000
830 -87.0000000000
839 -84.0000000000
865 -82.0000000000
887 -81.0000000000
914 -80.0000000000
933 -79.0000000000
942 -78.0000000000
992 -75.0000000000
1045 -73.0000000000
1062 -72.0000000000
1147 -71.0000000000
1160 -70.0000000000
1189 -68.0000000000
1206 -67.0000000000
1236 -66.0000000000
1284 -65.0000000000
1301 -64.0000000000
1315 -63.0000000000
1325 -62.0000000000
1386 -60.0000000000
1422 -58.0000000000
1504 -57.0000000000
1543 -56.0000000000
1584 -55.0000000000
1602 -54.0000000000
1651 -52.0000000000
1721 -50.0000000000
1801 -49.0000000000
1806 -48.0000000000
1823 -47.0000000000
1882 -46.0000000000
1886 -44.0000000000
1996 -43.0000000000
2008 -41.0000000000
2039 -40.0000000000
2082 -38.0000000000
2151 -37.0000000000
2160 -36.0000000000
2219 -34.0000000000
2302 -33.0000000000
2317 -32.0000000000
2393 -30.0000000000
2457 -29.0000000000
2534 -28.0000000000
2600 -27.0000000000
2666 -26.0000000000
2760 -25.0000000000
2823 -24.0000000000
2882 -23.0000000000
2981 -22.0000000000
3066 -21.0000000000
3083 -20.0000000000
3130 -19.0000000000
3175 -17.0000000000
3225 -16.0000000000
3293 -15.0000000000
3305 -14.0000000000
3367 -13.0000000000
3378 -11.0000000000
3515 -10.0000000000
3552 -8.0000000000
3607 -7.0000000000
3729 -6.0000000000
3785 -5.0000000000
3826 -4.0000000000
3898 -3.0000000000
3943 -2.0000000000
4050 -1.0000000000
4188 382.0000000000
4210 389.0000000000
4302 395.0000000000
4613 398.0000000000
4976 401.0000000000
5443 404.0000000000
5690 405.0000000000
5701 406.0000000000
5845 409.0000000000
6155 415.0000000000
7074 416.0000000000
7184 422.0000000000
7419 429.0000000000
15544 430.0000000000
20597 431.0000000000
22323 432.0000000000
65723 433.0000000000
100000 433.0000000000
evaluations raw_y
1 -231.0000000000
2 -214.0000000000
5 -206.0000000000
8 -198.0000000000
65 -193.0000000000
88 -189.0000000000
119 -184.0000000000
122 -183.0000000000
139 -178.0000000000
143 -176.0000000000
164 -174.0000000000
188 -171.0000000000
209 -167.0000000000
222 -164.0000000000
227 -162.0000000000
254 -159.0000000000
261 -158.0000000000
284 -155.0000000000
316 -154.0000000000
319 -147.0000000000
349 -138.0000000000
409 -137.0000000000
431 -134.0000000000
454 -133.0000000000
459 -130.0000000000
464 -128.0000000000
487 -124.0000000000
505 -123.0000000000
541 -122.0000000000
552 -119.0000000000
561 -115.0000000000
615 -113.0000000000
641 -109.0000000000
659 -108.0000000000
683 -105.0000000000
686 -104.0000000000
742 -103.0000000000
743 -100.0000000000
804 -99.0000000000
821 -98.0000000000
834 -97.0000000000
846 -96.0000000000
850 -93.0000000000
862 -91.0000000000
924 -90.0000000000
925 -86.0000000000
1019 -84.0000000000
1064 -82.0000000000
1114 -80.0000000000
1125 -79.0000000000
1143 -77.0000000000
1205 -76.0000000000
1206 -71.0000000000
1314 -69.0000000000
1330 -67.0000000000
1397 -66.0000000000
1409 -65.0000000000
1468 -64.0000000000
1477 -63.0000000000
1499 -62.0000000000
1557 -58.0000000000
1661 -57.0000000000
1701 -56.0000000000
1748 -55.0000000000
1768 -54.0000000000
1783 -52.0000000000
1889 -51.0000000000
1914 -49.0000000000
1921 -48.0000000000
1964 -47.0000000000
1986 -46.0000000000
2043 -41.0000000000
2146 -40.0000000000
2226 -39.0000000000
2264 -38.0000000000
2283 -37.0000000000
2304 -36.0000000000
2356 -35.0000000000
2379 -34.0000000000
2401 -32.0000000000
2468 -31.0000000000
2505 -30.0000000000
2518 -29.0000000000
2582 -28.0000000000
2601 -27.0000000000
2628 -26.0000000000
2682 -25.0000000000
2701 -24.0000000000
2727 -23.0000000000
2759 -22.0000000000
2767 -21.0000000000
2823 -20.0000000000
2861 -19.0000000000
2883 -18.0000000000
2957 -17.0000000000
3023 -16.0000000000
3059 -15.0000000000
3085 -14.0000000000
3110 -13.0000000000
3200 -11.0000000000
3279 -10.0000000000
3299 -9.0000000000
3362 -8.0000000000
3496 -7.0000000000
3633 -6.0000000000
3759 -5.0000000000
3824 -4.0000000000
3934 -3.0000000000
3973 -2.0000000000
4066 -1.0000000000
4093 395.0000000000
4180 403.0000000000
4273 406.0000000000
4520 409.0000000000
4726 414.0000000000
4744 418.0000000000
5211 424.0000000000
8849 425.0000000000
11229 427.0000000000
11348 428.0000000000
11636 429.0000000000
24344 430.0000000000
24699 431.0000000000
29371 432.0000000000
30172 433.0000000000
37414 434.0000000000
100000 -1.0000000000
evaluations raw_y
1 -209.0000000000
6 -208.0000000000
8 -201.0000000000
32 -200.0000000000
61 -196.0000000000
72 -189.0000000000
94 -188.0000000000
124 -186.0000000000
128 -184.0000000000
140 -178.0000000000
166 -170.0000000000
191 -168.0000000000
203 -167.0000000000
216 -166.0000000000
244 -164.0000000000
249 -160.0000000000
279 -159.0000000000
295 -158.0000000000
301 -154.0000000000
311 -150.0000000000
312 -147.0000000000
321 -142.0000000000
361 -141.0000000000
363 -137.0000000000
382 -134.0000000000
404 -132.0000000000
436 -131.0000000000
447 -129.0000000000
461 -126.0000000000
488 -121.0000000000
533 -119.0000000000
561 -116.0000000000
566 -112.0000000000
587 -111.0000000000
603 -108.0000000000
623 -107.0000000000
659 -106.0000000000
664 -104.0000000000
702 -103.0000000000
703 -98.0000000000
750 -96.0000000000
757 -95.0000000000
772 -94.0000000000
782 -92.0000000000
800 -90.0000000000
842 -88.0000000000
881 -87.0000000000
882 -86.0000000000
905 -82.0000000000
951 -81.0000000000
970 -80.0000000000
997 -79.0000000000
1001 -78.0000000000
1060 -76.0000000000
1105 -75.0000000000
1125 -73.0000000000
1145 -70.0000000000
1185 -67.0000000000
1225 -66.0000000000
1258 -65.0000000000
1295 -63.0000000000
1322 -62.0000000000
1364 -61.0000000000
1370 -60.0000000000
1413 -59.0000000000
1423 -57.0000000000
1482 -56.0000000000
1488 -55.0000000000
1524 -53.0000000000
1562 -52.0000000000
1570 -51.0000000000
1613 -50.0000000000
1622 -49.0000000000
1663 -46.0000000000
1710 -45.0000000000
1731 -44.0000000000
1762 -43.0000000000
1798 -42.0000000000
1834 -41.0000000000
1854 -40.0000000000
1891 -39.0000000000
1896 -37.0000000000
1916 -36.0000000000
1962 -35.0000000000
1998 -34.0000000000
2000 -33.0000000000
2011 -31.0000000000
2116 -30.0000000000
2122 -29.0000000000
2148 -28.0000000000
2170 -27.0000000000
2208 -26.0000000000
2239 -25.0000000000
2292 -24.0000000000
2310 -23.0000000000
2422 -22.0000000000
2471 -21.0000000000
2513 -20.0000000000
2557 -19.0000000000
2569 -18.0000000000
2641 -17.0000000000
2722 -14.0000000000
2837 -13.0000000000
2894 -12.0000000000
3117 -11.0000000000
3187 -10.0000000000
3321 -8.0000000000
3477 -7.0000000000
3535 -6.0000000000
3597 -5.0000000000
3695 -4.0000000000
3818 -3.0000000000
3859 -2.0000000000
3943 -1.0000000000
4002 386.0000000000
4042 393.0000000000
4114 394.0000000000
4146 396.0000000000
4196 399.0000000000
4316 400.0000000000
4395 403.0000000000
4422 404.0000000000
4728 409.0000000000
4948 410.0000000000
4977 412.0000000000
5575 414.0000000000
6783 415.0000000000
6851 421.0000000000
7011 423.0000000000
11824 425.0000000000
25536 426.0000000000
25648 430.0000000000
41480 431.0000000000
77843 432.0000000000
79941 433.0000000000
100000 433.0000000000
evaluations raw_y
1 -208.0000000000
7 -193.0000000000
13 -189.0000000000
32 -177.0000000000
101 -175.0000000000
122 -168.0000000000
127 -166.0000000000
151 -165.0000000000
161 -164.0000000000
165 -163.0000000000
169 -162.0000000000
191 -160.0000000000
194 -157.0000000000
206 -155.0000000000
222 -154.0000000000
233 -149.0000000000
234 -148.0000000000
249 -145.0000000000
269 -144.0000000000
277 -139.0000000000
324 -135.0000000000
368 -132.0000000000
374 -131.0000000000
391 -130.0000000000
402 -129.0000000000
405 -128.0000000000
425 -127.0000000000
432 -126.0000000000
436 -124.0000000000
439 -123.0000000000
446 -120.0000000000
491 -119.0000000000
494 -115.0000000000
509 -114.0000000000
548 -112.0000000000
553 -107.0000000000
593 -105.0000000000
615 -103.0000000000
652 -102.0000000000
657 -99.0000000000
688 -97.0000000000
706 -96.0000000000
723 -94.0000000000
745 -93.0000000000
749 -92.0000000000
781 -91.0000000000
804 -88.0000000000
816 -86.0000000000
822 -84.0000000000
902 -81.0000000000
923 -78.0000000000
951 -77.0000000000
962 -76.0000000000
963 -75.0000000000
968 -74.0000000000
996 -72.0000000000
1003 -69.0000000000
1082 -67.0000000000
1125 -66.0000000000
1147 -65.0000000000
1166 -64.0000000000
1204 -63.0000000000
1253 -61.0000000000
1268 -60.0000000000
1326 -59.0000000000
1332 -58.0000000000
1367 -56.0000000000
1407 -55.0000000000
1485 -54.0000000000
1504 -53.0000000000
1537 -52.0000000000
1577 -51.0000000000
1617 -50.0000000000
1641 -49.0000000000
1673 -48.0000000000
1702 -47.0000000000
1743 -45.0000000000
1767 -43.0000000000
1789 -42.0000000000
1887 -39.0000000000
1921 -38.0000000000
1980 -37.0000000000
2007 -35.0000000000
2057 -34.0000000000
2079 -33.0000000000
2081 -31.0000000000
2112 -28.0000000000
2187 -27.0000000000
2230 -26.0000000000
2266 -25.0000000000
2347 -24.0000000000
2379 -23.0000000000
2411 -22.0000000000
2477 -21.0000000000
2487 -20.0000000000
2577 -19.0000000000
2608 -18.0000000000
2647 -17.0000000000
2653 -16.0000000000
2685 -13.0000000000
2801 -12.0000000000
2813 -11.0000000000
2846 -10.0000000000
2898 -9.0000000000
2901 -8.0000000000
2994 -7.0000000000
3010 -6.0000000000
3069 -5.0000000000
3128 -4.0000000000
3224 -3.0000000000
3296 -2.0000000000
3353 -1.0000000000
3382 402.0000000000
3401 409.0000000000
4234 416.0000000000
4325 418.0000000000
8217 421.0000000000
13761 423.0000000000
14111 426.0000000000
14210 429.0000000000
43029 430.0000000000
44476 431.0000000000
45121 433.0000000000
100000 433.0000000000
evaluations raw_y
1 -196.0000000000
45 -193.0000000000
52 -183.0000000000
67 -181.0000000000
81 -178.0000000000
116 -175.0000000000
119 -174.0000000000
123 -172.0000000000
143 -170.0000000000
174 -165.0000000000
187 -162.0000000000
209 -150.0000000000
263 -147.0000000000
269 -145.0000000000
293 -143.0000000000
303 -139.0000000000
336 -138.0000000000
378 -135.0000000000
395 -133.0000000000
401 -129.0000000000
405 -128.0000000000
455 -124.0000000000
471 -123.0000000000
485 -122.0000000000
506 -120.0000000000
510 -118.0000000000
521 -117.0000000000
567 -115.0000000000
570 -113.0000000000
583 -111.0000000000
599 -110.0000000000
614 -108.0000000000
631 -107.0000000000
647 -106.0000000000
652 -104.0000000000
659 -100.0000000000
721 -99.0000000000
731 -98.0000000000
750 -95.0000000000
756 -94.0000000000
814 -93.0000000000
819 -90.0000000000
824 -89.0000000000
856 -88.0000000000
871 -87.0000000000
898 -85.0000000000
922 -84.0000000000
926 -83.0000000000
946 -82.0000000000
967 -80.0000000000
987 -79.0000000000
1005 -77.0000000000
1044 -75.0000000000
1071 -74.0000000000
1084 -72.0000000000
1113 -71.0000000000
1125 -70.0000000000
1167 -69.0000000000
1207 -67.0000000000
1239 -66.0000000000
1245 -65.0000000000
1256 -64.0000000000
1310 -61.0000000000
1376 -60.0000000000
1426 -59.0000000000
1443 -57.0000000000
1527 -56.0000000000
1530 -55.0000000000
1588 -54.0000000000
1596 -53.0000000000
1625 -52.0000000000
1651 -50.0000000000
1662 -49.0000000000
1717 -48.0000000000
1748 -47.0000000000
1801 -46.0000000000
1823 -42.0000000000
1901 -41.0000000000
1948 -40.0000000000
2002 -39.0000000000
2011 -36.0000000000
2090 -34.0000000000
2142 -33.0000000000
2174 -32.0000000000
2186 -31.0000000000
2236 -30.0000000000
2268 -29.0000000000
2306 -28.0000000000
2321 -27.0000000000
2394 -26.0000000000
2428 -25.0000000000
2485 -23.0000000000
2524 -22.0000000000
2557 -21.0000000000
2637 -19.0000000000
2730 -18.0000000000
2762 -17.0000000000
2791 -16.0000000000
2857 -15.0000000000
2868 -14.0000000000
3045 -13.0000000000
3230 -12.0000000000
3290 -11.0000000000
3405 -10.0000000000
3480 -9.0000000000
3657 -8.0000000000
3691 -7.0000000000
3787 -6.0000000000
3849 -5.0000000000
3948 -4.0000000000
3989 -3.0000000000
4062 -2.0000000000
4142 -1.0000000000
4255 382.0000000000
4427 388.0000000000
4569 389.0000000000
4590 390.0000000000
4600 391.0000000000
4602 394.0000000000
4637 397.0000000000
4680 398.0000000000
4818 400.0000000000
4900 401.0000000000
4903 403.0000000000
5117 405.0000000000
5203 411.0000000000
5454 415.0000000000
5527 416.0000000000
5730 417.0000000000
5785 418.0000000000
5831 419.0000000000
6845 423.0000000000
7064 426.0000000000
9171 427.0000000000
9328 428.0000000000
17961 429.0000000000
18197 431.0000000000
19051 432.0000000000
22609 433.0000000000
50547 436.0000000000
100000 -2.0000000000
evaluations raw_y
1 -221.0000000000
2 -217.0000000000
4 -214.0000000000
6 -207.0000000000
10 -206.0000000000
16 -190.0000000000
105 -185.0000000000
107 -181.0000000000
123 -179.0000000000
163 -173.0000000000
172 -170.0000000000
197 -168.0000000000
229 -162.0000000000
232 -161.0000000000
252 -157.0000000000
279 -153.0000000000
303 -152.0000000000
308 -150.0000000000
313 -149.0000000000
318 -147.0000000000
319 -145.0000000000
341 -143.0000000000
342 -142.0000000000
343 -139.0000000000
381 -138.0000000000
402 -134.0000000000
418 -133.0000000000
453 -130.0000000000
457 -129.0000000000
465 -126.0000000000
488 -120.0000000000
516 -118.0000000000
544 -113.0000000000
568 -110.0000000000
584 -109.0000000000
612 -108.0000000000
633 -104.0000000000
653 -103.0000000000
683 -102.0000000000
686 -101.0000000000
716 -100.0000000000
721 -98.0000000000
735 -97.0000000000
744 -95.0000000000
761 -93.0000000000
772 -90.0000000000
826 -88.0000000000
858 -85.0000000000
898 -82.0000000000
945 -80.0000000000
983 -79.0000000000
995 -78.0000000000
1003 -77.0000000000
1045 -76.0000000000
1070 -74.0000000000
1086 -73.0000000000
1131 -72.0000000000
1137 -71.0000000000
1141 -70.0000000000
1187 -69.0000000000
1228 -67.0000000000
1269 -65.0000000000
1337 -64.0000000000
1393 -62.0000000000
1444 -61.0000000000
1501 -60.0000000000
1532 -59.0000000000
1564 -57.0000000000
1583 -55.0000000000
1660 -54.0000000000
1727 -53.0000000000
1740 -52.0000000000
1775 -51.0000000000
1779 -50.0000000000
1837 -49.0000000000
1854 -48.0000000000
1876 -47.0000000000
1901 -46.0000000000
1922 -44.0000000000
1931 -42.0000000000
2052 -41.0000000000
2090 -40.0000000000
2113 -39.0000000000
2154 -37.0000000000
2250 -36.0000000000
2314 -35.0000000000
2367 -34.0000000000
2377 -33.0000000000
2417 -32.0000000000
2438 -31.0000000000
2465 -30.0000000000
2467 -29.0000000000
2496 -27.0000000000
2599 -26.0000000000
2607 -24.0000000000
2656 -23.0000000000
2684 -22.0000000000
2743 -20.0000000000
2802 -19.0000000000
2819 -18.0000000000
2822 -17.0000000000
2867 -16.0000000000
2875 -15.0000000000
2957 -14.0000000000
2993 -13.0000000000
3152 -12.0000000000
3285 -11.0000000000
3302 -9.0000000000
3392 -8.0000000000
3425 -7.0000000000
3530 -6.0000000000
3629 -5.0000000000
3689 -4.0000000000
3810 -3.0000000000
3883 -2.0000000000
3983 -1.0000000000
4147 396.0000000000
4172 397.0000000000
4227 406.0000000000
4391 408.0000000000
4720 410.0000000000
8039 411.0000000000
8055 420.0000000000
9848 422.0000000000
10090 423.0000000000
16767 427.0000000000
21573 429.0000000000
33908 430.0000000000
34002 436.0000000000
56410 437.0000000000
100000 437.0000000000
evaluations raw_y
1 -218.0000000000
2 -207.0000000000
10 -205.0000000000
22 -201.0000000000
43 -193.0000000000
62 -178.0000000000
131 -173.0000000000
156 -168.0000000000
182 -163.0000000000
186 -158.0000000000
205 -157.0000000000
225 -154.0000000000
252 -146.0000000000
261 -142.0000000000
275 -141.0000000000
297 -137.0000000000
341 -136.0000000000
356 -135.0000000000
364 -128.0000000000
420 -127.0000000000
429 -124.0000000000
442 -122.0000000000
452 -117.0000000000
488 -116.0000000000
526 -115.0000000000
547 -113.0000000000
553 -109.0000000000
606 -106.0000000000
630 -105.0000000000
667 -103.0000000000
676 -101.0000000000
701 -98.0000000000
760 -97.0000000000
765 -95.0000000000
804 -94.0000000000
839 -92.0000000000
846 -91.0000000000
894 -90.0000000000
898 -85.0000000000
954 -84.0000000000
961 -83.0000000000
984 -82.0000000000
991 -79.0000000000
1056 -78.0000000000
1103 -77.0000000000
1123 -74.0000000000
1166 -71.0000000000
1238 -69.0000000000
1303 -67.0000000000
1336 -65.0000000000
1358 -64.0000000000
1394 -62.0000000000
1421 -61.0000000000
1463 -60.0000000000
1523 -59.0000000000
1527 -57.0000000000
1561 -55.0000000000
1628 -54.0000000000
1659 -53.0000000000
1692 -51.0000000000
1720 -50.0000000000
1770 -49.0000000000
1785 -48.0000000000
1866 -47.0000000000
1893 -45.0000000000
1944 -44.0000000000
1964 -43.0000000000
1971 -42.0000000000
1992 -41.0000000000
2035 -40.0000000000
2040 -38.0000000000
2108 -37.0000000000
2133 -36.0000000000
2141 -35.0000000000
2169 -34.0000000000
2186 -33.0000000000
2232 -32.0000000000
2263 -31.0000000000
2290 -30.0000000000
2324 -29.0000000000
2356 -28.0000000000
2439 -27.0000000000
2458 -25.0000000000
2500 -24.0000000000
2594 -22.0000000000
2681 -21.0000000000
2733 -20.0000000000
2791 -19.0000000000
2848 -18.0000000000
2865 -16.0000000000
3016 -15.0000000000
3042 -14.0000000000
3134 -13.0000000000
3182 -12.0000000000
3245 -11.0000000000
3385 -10.0000000000
3455 -9.0000000000
3508 -8.0000000000
3561 -7.0000000000
3673 -6.0000000000
3761 -5.0000000000
3811 -4.0000000000
3865 -3.0000000000
3893 -2.0000000000
4006 -1.0000000000
4016 379.0000000000
4098 386.0000000000
4138 390.0000000000
4222 397.0000000000
4383 399.0000000000
4496 400.0000000000
4931 403.0000000000
4991 407.0000000000
5336 410.0000000000
6717 414.0000000000
7156 416.0000000000
7323 417.0000000000
7536 420.0000000000
7825 424.0000000000
8301 425.0000000000
11964 428.0000000000
16173 430.0000000000
37194 433.0000000000
39339 434.0000000000
83352 435.0000000000
100000 435.0000000000
evaluations raw_y
1 -198.0000000000
62 -187.0000000000
104 -185.0000000000
113 -180.0000000000
133 -175.0000000000
187 -166.0000000000
206 -163.0000000000
222 -162.0000000000
225 -160.0000000000
242 -157.0000000000
266 -155.0000000000
276 -154.0000000000
285 -148.0000000000
304 -144.0000000000
364 -139.0000000000
383 -135.0000000000
424 -125.0000000000
478 -123.0000000000
485 -120.0000000000
522 -118.0000000000
538 -115.0000000000
560 -114.0000000000
569 -111.0000000000
582 -108.0000000000
610 -107.0000000000
647 -102.0000000000
710 -100.0000000000
714 -98.0000000000
729 -97.0000000000
766 -96.0000000000
787 -93.0000000000
803 -90.0000000000
842 -89.0000000000
846 -88.0000000000
862 -82.0000000000
962 -79.0000000000
991 -78.0000000000
1044 -75.0000000000
1094 -72.0000000000
1147 -71.0000000000
1167 -68.0000000000
1224 -65.0000000000
1327 -64.0000000000
1373 -61.0000000000
1428 -60.0000000000
1437 -58.0000000000
1468 -56.0000000000
1481 -54.0000000000
1502 -52.0000000000
1566 -51.0000000000
1583 -49.0000000000
1616 -48.0000000000
1662 -47.0000000000
1666 -45.0000000000
1747 -44.0000000000
1762 -43.0000000000
1788 -42.0000000000
1833 -41.0000000000
1889 -40.0000000000
1952 -39.0000000000
1978 -38.0000000000
2046 -37.0000000000
2096 -36.0000000000
2125 -35.0000000000
2159 -34.0000000000
2181 -33.0000000000
2281 -32.0000000000
2333 -31.0000000000
2352 -30.0000000000
2370 -29.0000000000
2407 -28.0000000000
2480 -26.0000000000
2619 -25.0000000000
2708 -24.0000000000
2726 -23.0000000000
2818 -22.0000000000
2857 -21.0000000000
2882 -20.0000000000
2890 -19.0000000000
3050 -18.0000000000
3074 -17.0000000000
3145 -16.0000000000
3221 -15.0000000000
3256 -14.0000000000
3328 -13.0000000000
3379 -12.0000000000
3421 -11.0000000000
3476 -10.0000000000
3541 -9.0000000000
3589 -7.0000000000
3701 -6.0000000000
3761 -5.0000000000
3825 -4.0000000000
3893 -3.0000000000
3925 -2.0000000000
4080 -1.0000000000
4190 361.0000000000
4264 362.0000000000
4336 374.0000000000
4342 375.0000000000
4488 382.0000000000
4608 389.0000000000
4637 394.0000000000
4721 400.0000000000
4762 402.0000000000
4867 403.0000000000
4962 407.0000000000
4968 408.0000000000
5009 411.0000000000
5039 412.0000000000
5187 413.0000000000
5465 414.0000000000
5602 417.0000000000
6837 418.0000000000
7022 419.0000000000
7025 423.0000000000
7122 426.0000000000
12462 427.0000000000
13685 430.0000000000
14513 432.0000000000
26591 435.0000000000
100000 -2.0000000000
evaluations raw_y
1 -219.0000000000
3 -189.0000000000
92 -183.0000000000
102 -177.0000000000
123 -175.0000000000
124 -172.0000000000
150 -168.0000000000
192 -161.0000000000
222 -157.0000000000
228 -155.0000000000
266 -150.0000000000
293 -149.0000000000
302 -148.0000000000
315 -145.0000000000
331 -144.0000000000
341 -143.0000000000
343 -140.0000000000
357 -135.0000000000
375 -133.0000000000
395 -132.0000000000
397 -130.0000000000
410 -127.0000000000
420 -125.0000000000
429 -120.0000000000
447 -119.0000000000
462 -115.0000000000
507 -113.0000000000
526 -111.0000000000
547 -109.0000000000
550 -105.0000000000
569 -104.0000000000
595 -103.0000000000
645 -101.0000000000
659 -99.0000000000
672 -96.0000000000
711 -95.0000000000
717 -93.0000000000
756 -91.0000000000
776 -89.0000000000
827 -85.0000000000
870 -80.0000000000
929 -78.0000000000
971 -77.0000000000
994 -76.0000000000
1024 -74.0000000000
1076 -73.0000000000
1087 -72.0000000000
1127 -71.0000000000
1148 -69.0000000000
1181 -68.0000000000
1209 -67.0000000000
1229 -66.0000000000
1257 -64.0000000000
1301 -63.0000000000
1344 -62.0000000000
1346 -61.0000000000
1372 -60.0000000000
1432 -58.0000000000
1459 -57.0000000000
1535 -55.0000000000
1604 -54.0000000000
1642 -51.0000000000
1712 -50.0000000000
1771 -48.0000000000
1812 -46.0000000000
1899 -45.0000000000
1932 -44.0000000000
1946 -42.0000000000
1982 -41.0000000000
2041 -40.0000000000
2056 -39.0000000000
2081 -37.0000000000
2183 -35.0000000000
2232 -33.0000000000
2271 -32.0000000000
2303 -31.0000000000
2364 -30.0000000000
2366 -29.0000000000
2446 -28.0000000000
2449 -27.0000000000
2478 -25.0000000000
2500 -24.0000000000
2554 -23.0000000000
2606 -22.0000000000
2705 -21.0000000000
2765 -20.0000000000
2828 -19.0000000000
2866 -18.0000000000
2944 -15.0000000000
3068 -14.0000000000
3137 -13.0000000000
3188 -11.0000000000
3265 -10.0000000000
3321 -9.0000000000
3389 -8.0000000000
3432 -7.0000000000
3447 -6.0000000000
3530 -5.0000000000
3544 -4.0000000000
3691 -3.0000000000
3867 -2.0000000000
4050 -1.0000000000
4051 385.0000000000
4104 386.0000000000
4161 392.0000000000
4239 396.0000000000
4261 399.0000000000
4287 400.0000000000
4311 402.0000000000
4458 405.0000000000
4509 407.0000000000
4557 408.0000000000
4876 410.0000000000
4935 412.0000000000
4970 414.0000000000
5156 417.0000000000
6813 423.0000000000
7099 424.0000000000
7434 425.0000000000
7570 426.0000000000
9095 427.0000000000
13816 429.0000000000
17139 430.0000000000
17703 431.0000000000
17962 436.0000000000
45480 438.0000000000
62840 439.0000000000
75053 441.0000000000
76173 442.0000000000
100000 -1.0000000000
evaluations raw_y
1 -212.0000000000
5 -206.0000000000
8 -205.0000000000
25 -204.0000000000
29 -198.0000000000
51 -197.0000000000
57 -195.0000000000
65 -190.0000000000
88 -187.0000000000
92 -185.0000000000
95 -180.0000000000
101 -176.0000000000
123 -174.0000000000
145 -172.0000000000
187 -168.0000000000
204 -164.0000000000
226 -162.0000000000
237 -158.0000000000
247 -156.0000000000
262 -155.0000000000
275 -153.0000000000
284 -152.0000000000
290 -143.0000000000
322 -138.0000000000
354 -137.0000000000
383 -136.0000000000
385 -132.0000000000
401 -128.0000000000
414 -126.0000000000
427 -124.0000000000
432 -123.0000000000
445 -117.0000000000
509 -116.0000000000
514 -110.0000000000
561 -108.0000000000
605 -107.0000000000
607 -106.0000000000
622 -102.0000000000
660 -98.0000000000
689 -94.0000000000
783 -90.0000000000
813 -89.0000000000
826 -86.0000000000
874 -85.0000000000
883 -84.0000000000
888 -83.0000000000
911 -82.0000000000
943 -79.0000000000
958 -77.0000000000
976 -76.0000000000
1007 -75.0000000000
1036 -74.0000000000
1069 -71.0000000000
1105 -70.0000000000
1123 -69.0000000000
1170 -68.0000000000
1171 -67.0000000000
1197 -66.0000000000
1222 -65.0000000000
1273 -63.0000000000
1285 -61.0000000000
1375 -59.0000000000
1444 -58.0000000000
1476 -57.0000000000
1500 -56.0000000000
1526 -55.0000000000
1567 -54.0000000000
1597 -53.0000000000
1607 -51.0000000000
1666 -49.0000000000
1756 -48.0000000000
1790 -47.0000000000
1805 -46.0000000000
1810 -45.0000000000
1853 -43.0000000000
1891 -42.0000000000
1911 -40.0000000000
1994 -39.0000000000
2007 -38.0000000000
2021 -37.0000000000
2083 -36.0000000000
2088 -34.0000000000
2204 -33.0000000000
2263 -32.0000000000
2282 -31.0000000000
2334 -30.0000000000
2424 -29.0000000000
2442 -28.0000000000
2498 -27.0000000000
2546 -23.0000000000
2605 -22.0000000000
2683 -21.0000000000
2685 -20.0000000000
2725 -19.0000000000
2796 -18.0000000000
2808 -17.0000000000
2855 -16.0000000000
2931 -15.0000000000
2981 -13.0000000000
3114 -11.0000000000
3207 -10.0000000000
3272 -9.0000000000
3308 -8.0000000000
3349 -7.0000000000
3421 -6.0000000000
3523 -4.0000000000
3602 -3.0000000000
3686 -2.0000000000
3809 -1.0000000000
3824 394.0000000000
3837 398.0000000000
3944 402.0000000000
4030 404.0000000000
4228 406.0000000000
4442 409.0000000000
4727 414.0000000000
6303 416.0000000000
6688 418.0000000000
19607 421.0000000000
27420 422.0000000000
39594 423.0000000000
52963 424.0000000000
53441 425.0000000000
53766 427.0000000000
75640 428.0000000000
96457 430.0000000000
100000 430.0000000000
evaluations raw_y
1 -193.0000000000
17 -191.0000000000
33 -190.0000000000
38 -188.0000000000
80 -187.0000000000
83 -178.0000000000
103 -177.0000000000
112 -173.0000000000
130 -165.0000000000
190 -162.0000000000
202 -161.0000000000
222 -159.0000000000
225 -156.0000000000
239 -154.0000000000
246 -149.0000000000
283 -147.0000000000
304 -144.0000000000
326 -142.0000000000
330 -139.0000000000
342 -136.0000000000
362 -132.0000000000
394 -129.0000000000
423 -128.0000000000
461 -127.0000000000
467 -126.0000000000
483 -124.0000000000
495 -123.0000000000
501 -117.0000000000
573 -114.0000000000
583 -113.0000000000
604 -112.0000000000
626 -109.0000000000
647 -108.0000000000
662 -107.0000000000
677 -105.0000000000
711 -103.0000000000
740 -101.0000000000
762 -100.0000000000
771 -99.0000000000
789 -98.0000000000
803 -95.0000000000
876 -91.0000000000
898 -89.0000000000
899 -86.0000000000
964 -82.0000000000
987 -81.0000000000
1004 -79.0000000000
1080 -77.0000000000
1085 -76.0000000000
1123 -75.0000000000
1134 -72.0000000000
1166 -69.0000000000
1284 -67.0000000000
1330 -66.0000000000
1361 -65.0000000000
1386 -64.0000000000
1406 -63.0000000000
1427 -62.0000000000
1435 -61.0000000000
1455 -60.0000000000
1485 -59.0000000000
1505 -58.0000000000
1527 -55.0000000000
1601 -54.0000000000
1605 -53.0000000000
1644 -52.0000000000
1668 -51.0000000000
1700 -50.0000000000
1722 -49.0000000000
1738 -48.0000000000
1765 -47.0000000000
1797 -45.0000000000
1840 -44.0000000000
1844 -43.0000000000
1875 -42.0000000000
1885 -41.0000000000
1907 -40.0000000000
1956 -39.0000000000
2020 -38.0000000000
2062 -37.0000000000
2074 -35.0000000000
2171 -34.0000000000
2190 -33.0000000000
2215 -32.0000000000
2221 -30.0000000000
2250 -29.0000000000
2285 -28.0000000000
2347 -27.0000000000
2366 -23.0000000000
2461 -22.0000000000
2533 -20.0000000000
2557 -19.0000000000
2592 -17.0000000000
2697 -16.0000000000
2735 -15.0000000000
2832 -14.0000000000
2897 -13.0000000000
2943 -12.0000000000
3026 -11.0000000000
3126 -10.0000000000
3201 -9.0000000000
3289 -8.0000000000
3305 -7.0000000000
3356 -6.0000000000
3416 -5.0000000000
3452 -4.0000000000
3487 -3.0000000000
3547 -2.0000000000
3624 -1.0000000000
3682 383.0000000000
3721 389.0000000000
3752 394.0000000000
3904 398.0000000000
4019 399.0000000000
4776 406.0000000000
5064 407.0000000000
5150 410.0000000000
5234 413.0000000000
5265 414.0000000000
6343 427.0000000000
40429 428.0000000000
59186 430.0000000000
65955 433.0000000000
72540 436.0000000000
100000 436.0000000000
