evaluations raw_y
1 0.0000000000
2 5.6300000000
3 9.2600000000
4 11.4900000000
6 44.6200000000
11 49.2500000000
13 54.8100000000
14 68.2800000000
15 73.1900000000
43 80.6300000000
69 93.1200000000
102 125.3700000000
184 133.4400000000
216 137.8600000000
222 148.3300000000
371 154.9100000000
372 160.3700000000
493 164.3500000000
651 174.7200000000
678 186.1900000000
1032 186.9500000000
1176 188.4700000000
1357 204.3900000000
1599 210.7600000000
1613 211.7800000000
1699 212.4400000000
1781 222.8700000000
1786 224.0400000000
1787 226.1300000000
1791 231.3100000000
1798 242.8800000000
1800 255.1100000000
1807 260.6400000000
1846 261.6400000000
1916 268.0600000000
2044 279.5900000000
2159 279.7800000000
2217 284.0300000000
2237 285.8900000000
2327 287.9300000000
2393 288.4700000000
2400 290.9700000000
2421 292.8900000000
2557 300.9500000000
2568 315.1700000000
2621 318.1700000000
3566 327.8100000000
3735 328.6700000000
3928 402.3100000000
6127 405.4500000000
7030 411.0900000000
7946 414.8500000000
8139 416.7800000000
8170 443.1300000000
8191 444.0800000000
8200 453.5300000000
8265 457.7000000000
8273 462.9800000000
8380 463.5100000000
8715 466.9200000000
9122 477.0600000000
12680 513.5400000000
12691 529.9800000000
12696 537.8200000000
12930 543.4100000000
13091 547.6800000000
13335 650.1900000000
evaluations raw_y
1 0.0000000000
2 11.4900000000
4 12.4800000000
5 15.3800000000
6 32.0100000000
7 41.7000000000
10 73.2100000000
11 77.1800000000
18 92.1300000000
32 100.6600000000
54 105.1900000000
114 105.2200000000
119 107.4600000000
176 119.9300000000
181 120.2700000000
183 126.4700000000
239 135.5000000000
247 142.8500000000
248 145.7200000000
261 153.6500000000
297 158.2000000000
419 159.9400000000
448 169.1300000000
651 172.7600000000
785 235.3000000000
1783 244.5000000000
1803 268.6900000000
2011 283.5800000000
2103 295.7600000000
2178 296.1700000000
2185 296.3000000000
2259 301.5100000000
2479 304.3200000000
2626 308.4700000000
2684 323.4000000000
3144 334.7700000000
3311 342.4200000000
3374 349.8300000000
3470 356.5500000000
3502 370.9000000000
3919 383.7000000000
6607 410.1400000000
evaluations raw_y
1 0.0000000000
2 11.8500000000
3 16.2800000000
6 31.6900000000
7 48.1300000000
10 68.9700000000
11 76.9800000000
14 82.5500000000
15 88.5500000000
44 96.2200000000
49 99.1700000000
70 99.9400000000
105 102.3600000000
168 109.4800000000
175 122.3600000000
209 131.8600000000
211 150.3000000000
270 158.0300000000
294 165.3600000000
779 216.4400000000
783 222.9100000000
788 224.8400000000
791 238.4700000000
8165 413.0000000000
913 240.2800000000
939 240.8200000000
1007 244.0400000000
1252 244.9500000000
1379 257.7000000000
1801 276.9000000000
1875 283.2700000000
2030 296.9000000000
2033 301.8800000000
2099 309.5200000000
2258 310.3900000000
2294 311.0900000000
2309 315.1900000000
2521 329.1000000000
2522 334.8600000000
2526 361.1300000000
2559 361.9700000000
2589 365.8300000000
2596 402.7500000000
2739 406.9500000000
2761 406.9900000000
2769 408.8700000000
2839 421.2100000000
2849 425.0200000000
2850 425.1800000000
2963 428.1200000000
2989 431.1000000000
3039 431.7100000000
10305 417.7600000000
3239 440.1800000000
3242 447.8300000000
10476 432.6900000000
3331 453.9300000000
10566 448.1900000000
3443 470.4200000000
12124 452.1500000000
12183 459.3600000000
4997 481.3700000000
5021 490.9200000000
12431 465.2600000000
12434 471.2600000000
13080 527.0500000000
13103 530.1800000000
13109 533.1000000000
13129 551.5200000000
13141 555.8900000000
13190 566.4000000000
13215 580.3200000000
13538 590.0800000000
14286 590.5500000000
14689 620.2500000000
9858 502.9500000000
10445 541.9300000000
10454 547.7100000000
10459 558.3800000000
28363 666.2400000000
10674 562.2900000000
10691 565.2300000000
28521 672.8900000000
10793 566.1200000000
10801 572.5700000000
28666 674.3300000000
28749 675.5500000000
28760 681.0300000000
28795 682.4800000000
11159 574.7000000000
11307 584.2700000000
11568 584.3200000000
11599 600.8200000000
31532 692.5100000000
14568 603.1300000000
32043 795.5700000000
21567 629.9700000000
21569 639.6400000000
21581 647.6100000000
32130 806.5700000000
21835 648.2000000000
22112 652.3400000000
22298 658.6600000000
32843 808.1700000000
22835 662.4100000000
23025 662.7500000000
23067 670.6000000000
23787 677.9900000000
34254 809.8900000000
18525 613.0100000000
19394 627.8400000000
37311 813.8900000000
28959 678.1500000000
24036 635.8900000000
30260 688.7300000000
30389 691.4500000000
24179 638.0200000000
24325 639.8800000000
24386 641.7000000000
25498 643.3000000000
25646 648.2800000000
25725 660.2100000000
25745 675.1300000000
25795 682.8100000000
26068 684.0800000000
43227 815.8100000000
35601 720.2300000000
35612 725.7700000000
35616 760.1400000000
35906 763.4100000000
36370 782.3500000000
38912 786.2700000000
31945 687.1600000000
32106 782.6300000000
32159 807.6300000000
40197 789.9700000000
40952 798.4500000000
38661 844.7300000000
48212 801.6700000000
58589 817.0200000000
59721 825.0300000000
59739 855.2100000000
55200 815.1300000000
55954 825.6600000000
56146 830.2700000000
56246 831.0500000000
56578 838.5600000000
73778 855.3200000000
73122 845.2900000000
77758 846.1600000000
77767 852.9700000000
77907 854.3600000000
78680 862.2700000000
100000 615.1900000000
evaluations raw_y
1 0.0000000000
2 1.7800000000
3 23.0900000000
7 47.6800000000
12 48.1300000000
17 51.5500000000
20 61.8200000000
21 64.8500000000
22 89.0000000000
39 141.9100000000
45 153.2500000000
54 158.5200000000
64 170.0100000000
65 185.8000000000
83 193.3700000000
88 199.2400000000
105 201.3500000000
122 208.0200000000
138 213.7300000000
139 220.6000000000
202 224.7600000000
220 225.9000000000
462 227.1900000000
521 229.0000000000
527 323.7100000000
550 339.4000000000
559 351.5200000000
587 358.8100000000
693 360.6800000000
1189 373.3300000000
1847 376.0900000000
1885 389.0700000000
2039 394.7100000000
2232 400.4300000000
3003 401.3400000000
4781 498.0900000000
4796 514.4600000000
4824 514.6300000000
4875 518.5600000000
4892 527.4100000000
4904 531.7300000000
6452 544.1600000000
6534 550.0600000000
6924 558.4600000000
8277 558.8700000000
8778 559.5000000000
9555 560.5200000000
10195 562.5900000000
10405 564.8000000000
10866 570.9400000000
11148 573.5800000000
11180 575.8800000000
11748 577.6200000000
12456 587.4000000000
13405 588.0800000000
13474 589.1300000000
82920 845.6100000000
13558 590.2000000000
13704 591.6100000000
13980 598.4100000000
14372 600.6100000000
15168 645.0200000000
15170 663.5800000000
15200 664.4800000000
15208 676.3800000000
15223 681.8500000000
15264 699.9600000000
100000 -1.0000000000
evaluations raw_y
1 0.0000000000
2 3.8500000000
3 15.9700000000
4 16.3300000000
5 22.3000000000
7 48.6100000000
30 59.1800000000
39 120.6000000000
44 126.4300000000
45 127.4000000000
49 135.9800000000
50 140.1600000000
54 148.2000000000
60 148.8500000000
65 162.7900000000
70 173.9700000000
80 181.4700000000
84 185.3000000000
87 208.2000000000
150 212.0400000000
168 216.1000000000
175 241.5300000000
370 250.8100000000
530 325.6400000000
544 354.9600000000
551 357.5600000000
764 370.1000000000
1212 376.1500000000
1216 380.3600000000
1239 385.0700000000
16267 752.2000000000
16275 758.7100000000
16284 767.8000000000
1419 388.3900000000
16409 774.9100000000
16422 788.1400000000
1547 388.8700000000
2222 515.7100000000
2234 524.5900000000
2275 558.0300000000
3749 561.0400000000
3807 561.2100000000
4340 561.8000000000
4398 574.7400000000
4707 584.5000000000
20463 792.3400000000
9071 590.9000000000
9428 602.7800000000
9436 604.0400000000
9469 609.8200000000
9480 618.3300000000
9522 636.1500000000
9579 640.4100000000
9603 647.9100000000
9874 649.4300000000
9981 656.7600000000
10224 658.7400000000
10279 662.9200000000
10295 676.6500000000
12454 683.6500000000
27182 794.5800000000
27310 800.1200000000
27441 803.6200000000
27764 807.6400000000
28181 818.4500000000
16850 688.9300000000
34996 840.4400000000
21812 694.0000000000
100000 -1.0000000000
evaluations raw_y
1 0.0000000000
2 1.7800000000
3 24.4400000000
7 38.2800000000
11 49.2600000000
17 49.7000000000
20 61.9800000000
21 66.9900000000
22 83.5500000000
30 92.7000000000
36 109.2200000000
39 135.3600000000
45 146.2800000000
60 156.2000000000
64 161.5100000000
65 191.5100000000
72 200.7800000000
86 228.4700000000
518 304.2900000000
532 314.9900000000
535 324.5900000000
539 346.4500000000
649 348.4500000000
789 350.4400000000
799 370.2100000000
826 374.8600000000
901 383.3200000000
1184 393.2700000000
1829 463.5300000000
1831 473.0000000000
1842 473.8700000000
1845 495.6000000000
1974 498.2000000000
2119 501.9300000000
2297 503.1300000000
3211 509.1200000000
4054 513.9600000000
5150 522.1200000000
5164 526.4700000000
5166 530.6000000000
5181 537.3200000000
5202 548.1100000000
5272 557.4600000000
5376 627.6300000000
5380 639.0200000000
5410 648.9600000000
5411 650.4900000000
5557 651.7600000000
5684 652.1000000000
5736 653.8300000000
5887 654.6700000000
6116 661.4500000000
6706 663.9200000000
7215 666.6800000000
31050 795.8100000000
31072 801.6700000000
31134 811.2000000000
31158 814.1200000000
31172 830.2300000000
9043 694.2300000000
44977 841.1000000000
32509 830.8300000000
32615 833.1300000000
32756 841.1900000000
45857 842.9500000000
33536 843.0800000000
33577 845.7200000000
33600 851.0500000000
46113 872.6300000000
33836 851.7100000000
33846 860.4100000000
35842 862.4300000000
36148 866.6100000000
24458 701.8800000000
27510 702.7400000000
31667 717.0300000000
35704 717.3100000000
58499 867.2400000000
51617 722.7200000000
60091 777.3200000000
60156 792.1900000000
69783 801.4500000000
73340 810.7700000000
97896 874.5500000000
100000 811.6100000000
evaluations raw_y
1 0.0000000000
2 2.5300000000
3 14.3900000000
4 48.8000000000
6 58.1500000000
46 59.7200000000
65 80.0000000000
81 98.8600000000
95 110.2100000000
113 119.1300000000
120 124.5200000000
155 126.9800000000
187 133.9500000000
221 134.0900000000
238 172.0300000000
247 173.5600000000
248 175.9100000000
251 186.7900000000
259 205.5500000000
260 222.0500000000
279 224.1800000000
306 224.9900000000
327 226.0900000000
339 246.1800000000
367 263.8600000000
541 275.6900000000
872 281.1100000000
968 305.8900000000
996 305.9500000000
1200 309.3500000000
1460 311.5400000000
1560 312.4900000000
2057 317.2500000000
2224 377.3600000000
2227 377.7400000000
2229 388.1100000000
2231 398.0200000000
2234 399.6200000000
2238 410.8400000000
2254 420.0600000000
2477 424.6000000000
2522 426.1000000000
2527 428.6300000000
2723 430.1600000000
2792 432.0700000000
3016 438.4100000000
3066 441.6100000000
3312 471.6100000000
7906 473.7700000000
8116 525.4200000000
8127 532.2800000000
8128 539.2900000000
8167 558.0000000000
8294 559.4600000000
8709 572.2200000000
8780 584.8100000000
9095 589.0800000000
84946 813.1100000000
85038 816.1100000000
85168 817.9700000000
85173 819.5200000000
85626 823.1000000000
85836 827.3900000000
12006 635.4800000000
12030 643.7900000000
12060 650.3500000000
12307 653.9800000000
12518 659.2600000000
13365 662.9800000000
14093 670.9000000000
87918 827.7600000000
20408 671.2500000000
20481 680.2200000000
100000 -1.0000000000
evaluations raw_y
1 0.0000000000
2 2.9100000000
3 13.7700000000
4 47.8800000000
6 50.2700000000
12 55.4200000000
14 66.5200000000
20 66.5500000000
25 69.1700000000
29 77.6000000000
48 83.6800000000
51 92.4000000000
60 93.4900000000
77 97.7600000000
83 114.3700000000
101 114.9700000000
179 119.0400000000
203 138.4700000000
234 193.5800000000
243 203.5200000000
247 213.9800000000
255 214.3100000000
256 214.5700000000
264 222.6500000000
283 224.4100000000
289 230.9600000000
293 242.6800000000
302 250.9700000000
350 264.8700000000
671 273.7200000000
21340 682.8600000000
1044 288.6600000000
1105 298.9200000000
1419 299.8800000000
1457 309.9700000000
1964 312.7400000000
1986 314.2100000000
2004 322.9400000000
2166 323.2500000000
2187 405.3200000000
2246 409.2900000000
2255 426.1100000000
2278 427.3900000000
2429 435.3600000000
2528 457.7500000000
22231 689.7700000000
2838 464.4800000000
23859 690.7100000000
5484 467.3000000000
8910 533.4200000000
10555 564.6900000000
10562 580.5100000000
10566 582.3000000000
10580 584.5500000000
10585 588.4900000000
10593 589.5400000000
10598 594.0400000000
10612 602.2000000000
10658 609.0000000000
10667 614.0700000000
10673 614.7800000000
10704 624.9900000000
10799 634.3600000000
100000 346.6300000000
evaluations raw_y
1 0.0000000000
2 3.7800000000
3 15.9000000000
4 41.6800000000
6 53.1700000000
40 57.7600000000
50 63.0300000000
52 69.3500000000
55 79.6800000000
79 99.6900000000
84 123.7200000000
142 131.2600000000
167 149.8800000000
244 172.9300000000
251 178.4000000000
253 186.0900000000
257 193.1000000000
265 193.7700000000
266 199.2400000000
275 238.6400000000
300 249.1900000000
314 257.3700000000
330 257.7000000000
342 266.8200000000
422 277.9700000000
542 279.1200000000
561 289.2400000000
610 293.0200000000
615 293.6800000000
943 297.9200000000
1142 300.2900000000
1161 303.2100000000
1188 305.2300000000
1223 306.0200000000
1245 310.8800000000
1329 318.3000000000
1445 320.3900000000
2029 324.4000000000
2208 361.3600000000
2224 376.5700000000
2241 465.4700000000
2246 478.7500000000
2248 478.7800000000
2251 481.8900000000
2255 484.9500000000
2272 498.2500000000
2326 505.7300000000
2357 516.9100000000
2372 517.2300000000
2404 519.3000000000
2405 530.9500000000
2978 658.2000000000
3187 658.6700000000
3203 659.4200000000
3247 680.6400000000
3347 691.7000000000
21704 663.3900000000
21714 692.0100000000
21747 696.2200000000
21860 696.9500000000
21918 697.9800000000
21999 707.7300000000
22010 717.9400000000
22030 731.1600000000
22154 735.8000000000
22520 736.8300000000
22574 738.2500000000
22851 747.9500000000
37304 693.6700000000
39715 730.5600000000
39716 731.4200000000
39722 736.8800000000
39757 743.9000000000
39783 759.2500000000
39937 760.7400000000
40267 774.4700000000
27305 751.5400000000
14902 693.5900000000
14943 696.9200000000
14961 706.2600000000
15261 707.5200000000
15566 721.5200000000
42474 778.6400000000
42547 784.6800000000
42687 787.0500000000
42935 799.0400000000
42967 802.8000000000
30312 782.0000000000
19533 737.3400000000
46121 810.4800000000
20915 752.3000000000
47037 811.7100000000
47102 814.8900000000
47502 816.2400000000
22365 753.9000000000
23004 756.3600000000
36480 785.0600000000
36535 795.5700000000
50425 816.2700000000
38064 797.2200000000
38572 805.2400000000
28451 774.1100000000
28468 792.6900000000
30225 794.1600000000
30628 798.6900000000
56068 819.5500000000
38636 825.1600000000
62925 822.2800000000
50150 814.1600000000
50175 816.2400000000
50185 829.6100000000
50283 830.7500000000
50319 836.5800000000
51269 840.6500000000
57076 840.9500000000
59366 847.3600000000
50208 833.3300000000
51061 834.5200000000
52366 843.5400000000
74915 853.9200000000
92842 827.9200000000
94171 833.5300000000
94664 841.1700000000
100000 758.6500000000
evaluations raw_y
1 0.0000000000
2 6.4900000000
3 8.9200000000
4 15.9700000000
7 39.2900000000
12 50.5100000000
22 54.8300000000
24 56.6400000000
34 62.9900000000
39 81.6900000000
46 97.7200000000
47 101.4600000000
49 108.3600000000
55 122.7700000000
63 130.5500000000
116 135.1500000000
178 145.5600000000
211 147.0000000000
246 148.1400000000
263 150.6400000000
266 161.4900000000
326 178.4500000000
583 179.0700000000
707 186.5100000000
1575 190.7900000000
1770 199.5100000000
2026 200.5600000000
2271 212.3100000000
2445 280.3700000000
2577 284.8900000000
2590 304.7500000000
2623 314.8200000000
2722 315.8800000000
2824 322.9200000000
3032 330.0200000000
4049 334.8400000000
4064 338.2200000000
4100 340.2800000000
4114 345.2700000000
4226 346.1600000000
4339 351.1900000000
4413 374.1100000000
4534 386.0100000000
4728 400.4900000000
4729 416.5400000000
4731 423.3200000000
4761 425.0900000000
4762 426.2000000000
4787 430.5800000000
4796 458.5500000000
5101 466.7600000000
5134 471.6000000000
5845 475.9100000000
6601 479.1900000000
6621 485.8300000000
6650 485.9500000000
6675 497.4400000000
8169 510.2600000000
9244 640.4600000000
9330 648.7300000000
9334 652.6800000000
9466 653.8700000000
9658 654.6200000000
9922 660.2600000000
11330 660.8900000000
13498 661.7800000000
14529 671.6300000000
91262 851.3700000000
100000 -1.0000000000
evaluations raw_y
1 0.0000000000
2 9.3600000000
3 11.2500000000
4 19.2200000000
6 24.4700000000
11 33.2300000000
12 37.7000000000
13 51.2000000000
15 56.8900000000
26 57.4000000000
30 96.6300000000
59 99.1200000000
63 120.5700000000
99 127.5600000000
111 131.4800000000
222 140.0900000000
257 155.3400000000
260 157.1300000000
264 158.3600000000
339 163.4000000000
397 167.9400000000
503 169.8400000000
646 184.0100000000
22214 687.5200000000
1734 184.2400000000
1869 185.7400000000
22353 701.6000000000
2153 194.2300000000
2239 197.5300000000
2582 214.6900000000
2587 299.0500000000
2590 299.4500000000
2592 303.9900000000
2596 307.4900000000
2597 310.6000000000
2602 314.7700000000
2603 321.1300000000
2616 337.3200000000
2620 344.0400000000
2622 347.6400000000
2629 380.4900000000
2953 384.7900000000
3162 394.4200000000
4007 398.4200000000
4054 401.4500000000
4072 406.2200000000
4123 411.1000000000
5100 415.6100000000
5319 432.9700000000
5665 433.2400000000
6036 433.8800000000
7858 439.3500000000
7866 451.8700000000
7867 459.1900000000
8134 466.5400000000
25653 819.8000000000
8818 470.3900000000
9418 480.8700000000
9436 490.8200000000
9437 508.4400000000
9695 512.2300000000
11279 525.1100000000
11379 546.2700000000
12631 546.6600000000
12752 566.6500000000
12783 568.2800000000
12885 573.8500000000
12891 582.3000000000
13973 584.0800000000
13996 585.4200000000
14238 587.9600000000
14471 588.9400000000
14783 593.8900000000
14890 628.2100000000
14935 629.3100000000
14963 634.8800000000
15056 640.2900000000
15085 641.7100000000
15222 642.8400000000
15229 643.0900000000
15260 647.4500000000
15846 649.7700000000
15903 656.2000000000
99813 854.0100000000
100000 211.6600000000
evaluations raw_y
1 0.0000000000
2 7.5500000000
3 10.9000000000
4 18.5700000000
7 31.6100000000
12 42.7700000000
22 64.0300000000
30 90.0100000000
43 107.8600000000
69 108.0600000000
72 109.5700000000
16453 656.3800000000
76 131.6000000000
96 136.0400000000
100 136.9100000000
158 145.1500000000
257 149.8500000000
277 155.8600000000
413 158.8900000000
479 168.9600000000
595 178.6800000000
603 190.4900000000
16635 660.9000000000
1187 197.1500000000
17332 671.2700000000
2219 198.9000000000
2334 210.8600000000
2554 306.9200000000
2579 308.5400000000
2594 315.8100000000
2612 317.3300000000
2615 319.1100000000
2619 319.2600000000
2620 322.3200000000
2621 342.8100000000
2970 344.4100000000
3049 346.8000000000
3286 349.1700000000
3518 350.4500000000
4026 350.8100000000
4046 377.8800000000
4570 384.5800000000
5526 395.4000000000
35257 836.0200000000
35288 839.2700000000
35311 845.1100000000
35317 851.2300000000
8832 419.7300000000
8840 423.5000000000
35514 868.5600000000
9212 570.6600000000
9298 596.1000000000
22126 692.5100000000
10171 599.9400000000
13813 601.3000000000
14230 604.2300000000
15562 609.0300000000
30625 696.7700000000
19693 610.0300000000
30701 706.3300000000
20099 655.0500000000
35198 709.8100000000
35238 729.9500000000
35264 730.2900000000
35592 736.8600000000
35742 742.2400000000
25607 669.8700000000
25611 674.0800000000
25612 676.4400000000
25636 681.0400000000
25700 695.6300000000
25776 695.7000000000
25829 696.5300000000
25887 697.5000000000
25913 710.6900000000
26229 713.9300000000
26357 729.4200000000
37764 746.5300000000
44883 770.6400000000
44884 770.8000000000
44910 772.4300000000
44912 774.9100000000
44913 782.7100000000
44915 790.2100000000
45499 794.8000000000
46246 795.8000000000
35247 733.6000000000
35254 734.4600000000
35272 745.6800000000
35285 750.3200000000
35312 752.0500000000
35405 755.2300000000
35564 759.1800000000
35696 760.7900000000
35711 774.5000000000
36191 776.3100000000
48318 797.5200000000
49006 801.6700000000
49298 803.9300000000
38270 776.7600000000
58206 869.5500000000
39141 777.6900000000
59760 870.3500000000
41622 780.1200000000
53842 804.4900000000
43000 787.9000000000
54137 806.7800000000
43256 793.0200000000
55167 811.8300000000
45407 798.9400000000
48491 799.2100000000
49471 801.0300000000
49758 803.6800000000
49776 805.9300000000
50042 825.8600000000
51322 828.1500000000
51630 829.8200000000
52793 832.7900000000
72012 877.6400000000
56474 838.8700000000
56905 842.2700000000
79745 878.2400000000
65087 844.1500000000
65660 851.1500000000
70630 857.9500000000
83008 817.1600000000
83199 819.9700000000
83206 820.9900000000
83277 825.0500000000
83290 836.5300000000
83322 847.3800000000
83372 853.1000000000
94345 884.7700000000
100000 -1.0000000000
evaluations raw_y
1 0.0000000000
2 35.2900000000
7 41.8700000000
18 60.9600000000
35 63.2800000000
40 69.2000000000
46 90.3400000000
64 92.2500000000
75 106.7600000000
126 124.6500000000
199 147.5400000000
209 171.6400000000
212 184.6900000000
225 185.1500000000
230 276.3800000000
249 284.2900000000
267 293.3100000000
283 311.7200000000
436 314.8700000000
1097 321.0200000000
1131 323.1200000000
1204 323.6100000000
1368 328.6700000000
1642 328.9000000000
1782 329.3800000000
1937 394.7200000000
2840 415.7100000000
2890 435.1700000000
2900 441.6700000000
2940 442.8100000000
3010 443.0400000000
3034 446.0000000000
3105 454.7500000000
4104 459.4900000000
4500 460.5200000000
4710 568.9700000000
4719 571.6900000000
4800 573.2800000000
4811 574.0000000000
4841 576.4200000000
4875 581.8500000000
4884 587.9700000000
4941 593.6300000000
5868 598.5300000000
5945 603.7200000000
8106 605.3000000000
8206 609.0500000000
8231 624.3600000000
8733 625.1500000000
9414 760.5000000000
96715 855.1100000000
12244 764.1800000000
100000 -1.0000000000
evaluations raw_y
1 0.0000000000
2 36.1500000000
7 40.0600000000
26 43.1600000000
30 55.8000000000
39 71.7000000000
41 85.3300000000
46 108.0900000000
89 114.0700000000
181 125.2300000000
197 167.2200000000
201 167.7000000000
204 178.5200000000
207 192.6300000000
210 199.7800000000
211 212.1500000000
266 218.0100000000
450 218.6800000000
475 219.1200000000
486 219.7200000000
532 221.9100000000
586 224.7400000000
601 229.7200000000
698 230.4400000000
710 249.5800000000
896 263.8800000000
908 279.4400000000
922 285.4200000000
923 296.9300000000
924 300.9400000000
956 304.9400000000
1074 314.0900000000
1105 326.6300000000
1773 331.7300000000
1825 337.9600000000
1948 394.1100000000
2005 416.0700000000
2533 417.3700000000
2636 420.8600000000
2895 436.2700000000
2909 439.0200000000
2944 442.2700000000
2960 447.0400000000
2982 451.3500000000
3011 452.3700000000
3020 459.5900000000
3130 459.9100000000
3148 461.2200000000
3440 462.2700000000
3938 462.5000000000
4020 463.4800000000
4125 464.3900000000
4258 468.5400000000
4691 584.4300000000
4816 600.6500000000
4897 604.5800000000
4900 606.0100000000
4988 610.6700000000
17799 778.3200000000
5219 612.9800000000
18391 784.7200000000
6008 614.0700000000
6233 614.9200000000
6265 616.2900000000
19290 785.1700000000
7531 619.8400000000
8878 619.9100000000
8917 620.0700000000
9257 622.7700000000
10277 630.4400000000
10554 636.0500000000
10560 641.6400000000
10659 645.6200000000
10816 648.1500000000
10982 648.7000000000
11215 662.9600000000
22687 788.5600000000
100000 709.1600000000
evaluations raw_y
1 0.0000000000
2 34.5200000000
7 40.1200000000
12 46.0700000000
18 63.8000000000
20 69.1500000000
50 69.1900000000
53 76.9800000000
55 79.7200000000
58 95.6900000000
59 99.8400000000
65 104.8800000000
67 107.9300000000
90 114.2600000000
94 120.9800000000
168 125.2300000000
172 154.2800000000
206 156.9900000000
209 166.2900000000
213 178.5100000000
214 179.7200000000
230 256.5100000000
235 265.1500000000
240 287.0500000000
273 299.0700000000
274 308.1100000000
293 328.6800000000
1088 335.0000000000
1091 344.8600000000
14469 678.6300000000
14893 681.4800000000
14944 697.3600000000
4675 427.3600000000
4777 428.3900000000
4783 443.3600000000
4784 450.2800000000
4790 451.3700000000
4794 452.7600000000
4800 453.8900000000
4801 454.4900000000
4819 456.6300000000
4841 457.2500000000
4843 457.6400000000
4885 465.9700000000
5013 596.8500000000
16169 707.4000000000
6887 598.5500000000
6919 601.4600000000
7037 609.4200000000
7224 611.1000000000
7361 615.2100000000
8040 622.0600000000
29403 796.4000000000
8873 623.4600000000
31207 799.9600000000
11091 624.5200000000
31307 806.4900000000
32004 809.8200000000
21138 720.3300000000
32316 810.2900000000
33351 813.4500000000
33383 815.0000000000
13902 632.9000000000
13916 637.6000000000
13942 650.3600000000
13944 658.0500000000
33828 818.9800000000
22724 726.9000000000
22737 735.7800000000
22940 737.4900000000
14836 661.4600000000
23172 739.0000000000
23225 741.0100000000
23415 753.9500000000
15775 663.5500000000
23866 754.1200000000
16903 687.2700000000
36999 822.0400000000
25907 755.2200000000
37148 824.7600000000
37242 826.9600000000
37705 830.9900000000
22877 696.4900000000
23361 698.9800000000
42261 832.1500000000
24435 701.8300000000
24600 705.0900000000
25338 707.0200000000
25452 713.9100000000
25494 719.4200000000
35041 765.5300000000
35051 776.5000000000
35131 779.7900000000
35161 783.3500000000
35167 797.7600000000
36430 801.4400000000
53229 834.4100000000
53265 837.2300000000
53529 842.2700000000
53719 844.2100000000
41830 760.7500000000
53841 844.8800000000
41846 767.7300000000
41851 781.5900000000
41906 791.3500000000
54296 848.4500000000
42712 799.7100000000
42785 799.8200000000
42886 803.6900000000
43076 804.0000000000
43266 804.5700000000
43401 812.1900000000
41847 808.1100000000
48155 814.9400000000
45167 811.4100000000
51696 821.8100000000
66544 849.6600000000
68107 851.5500000000
57946 818.8900000000
72624 861.9800000000
61345 829.9600000000
66628 830.4300000000
66666 834.7700000000
66707 836.5300000000
66982 838.2200000000
68143 838.2400000000
69718 838.3400000000
70721 838.9600000000
70934 839.9100000000
71087 841.8800000000
71594 842.7400000000
72989 844.6100000000
79006 827.0900000000
79043 835.0300000000
79076 840.2400000000
84710 847.9500000000
100000 190.6300000000
evaluations raw_y
1 0.0000000000
2 28.5400000000
3 45.9900000000
5 62.3000000000
10 64.2800000000
11 82.8900000000
38 95.8300000000
42 116.6100000000
67 133.5200000000
242 145.1400000000
726 220.1000000000
729 220.5700000000
756 226.3000000000
780 226.3700000000
798 231.1800000000
861 234.2900000000
869 239.1000000000
1191 256.8700000000
1400 305.6300000000
3626 396.8600000000
4828 402.7200000000
4829 404.2000000000
4835 428.6900000000
4961 430.2600000000
4976 440.4200000000
5301 441.0800000000
5371 442.1700000000
5421 447.2600000000
5521 462.8000000000
5916 463.0100000000
6182 467.8100000000
6465 536.4000000000
6475 540.8100000000
6483 560.9800000000
6551 561.7400000000
6581 562.8900000000
6602 576.3700000000
6653 576.4600000000
6724 577.7400000000
6880 579.5000000000
6972 580.8000000000
7128 581.2600000000
7664 582.7700000000
8189 583.2800000000
8885 588.9400000000
9246 590.3200000000
9522 591.9300000000
11869 592.1300000000
11991 596.0700000000
13457 596.8400000000
92999 858.4100000000
19808 598.0300000000
19817 599.4700000000
19865 607.0400000000
19985 608.5600000000
20458 612.0900000000
20809 612.2700000000
100000 709.8900000000
evaluations raw_y
1 0.0000000000
2 26.4900000000
3 43.9400000000
4 52.1200000000
10 63.6400000000
11 71.8900000000
16 92.5000000000
24 95.6900000000
53 101.7800000000
60 119.1700000000
64 131.7400000000
164 135.8300000000
255 139.2200000000
528 148.3600000000
633 151.8200000000
721 219.2000000000
724 240.8300000000
782 249.7600000000
803 251.6600000000
976 254.3200000000
1024 264.3000000000
1422 270.4100000000
1430 270.7100000000
1448 270.7500000000
1492 271.8400000000
1514 273.9600000000
1577 280.7700000000
1666 282.7200000000
1671 286.7200000000
1780 292.9200000000
1990 293.3700000000
22037 619.8900000000
2593 295.3200000000
2609 297.1800000000
2632 309.2600000000
2787 309.7000000000
2796 314.9100000000
3097 410.1800000000
3104 412.0400000000
3107 414.8700000000
3120 429.5100000000
3157 432.8600000000
3207 433.5700000000
3214 438.3500000000
22752 624.7300000000
23072 628.6400000000
4187 442.2900000000
5486 446.0000000000
5783 446.3500000000
6189 455.5600000000
100000 753.2900000000
evaluations raw_y
1 0.0000000000
2 23.7900000000
3 41.3900000000
4 46.9800000000
5 47.6100000000
9 57.3900000000
11 70.1500000000
16 88.2600000000
17 92.3900000000
24 100.1200000000
45 105.6000000000
60 111.8300000000
64 112.5800000000
76 126.7800000000
151 130.9100000000
6656 466.6700000000
292 132.9800000000
345 134.9700000000
356 146.8600000000
360 151.9000000000
463 154.0700000000
6815 466.7100000000
716 240.3600000000
719 245.1500000000
746 266.9600000000
6877 469.2300000000
6972 522.9000000000
7039 523.4100000000
7079 529.9700000000
7083 541.3800000000
1417 278.1400000000
1519 284.9900000000
25681 635.8300000000
25742 637.0100000000
1647 293.9900000000
25772 643.4600000000
1708 302.0500000000
1714 304.6500000000
25798 653.9800000000
25853 665.6400000000
7726 546.0900000000
26208 669.2600000000
2694 314.2900000000
26393 670.6300000000
3248 331.4800000000
3380 337.1500000000
3763 338.2900000000
3822 346.5600000000
27117 671.9800000000
27119 677.8200000000
9093 549.6600000000
4834 353.3500000000
27636 701.6400000000
28086 713.6300000000
6263 452.5100000000
6763 453.2000000000
6813 454.1500000000
11066 561.5400000000
11084 569.9600000000
11086 581.7800000000
11088 582.7500000000
11102 590.4500000000
6939 458.1400000000
6949 542.2700000000
7606 547.0200000000
12888 592.1900000000
30694 715.7900000000
13061 659.6600000000
13068 664.2200000000
13071 670.0900000000
8849 554.8700000000
13143 675.5300000000
8995 562.9200000000
13210 682.0400000000
13694 692.0900000000
31951 721.2600000000
14621 693.9000000000
10903 574.9200000000
32723 744.2900000000
11315 634.3800000000
33101 745.2400000000
12109 652.2700000000
33737 749.8700000000
33844 762.2600000000
12369 654.4700000000
13652 673.6500000000
15909 727.2200000000
20509 779.0100000000
20514 779.7400000000
20516 787.3300000000
20734 790.9600000000
20775 793.7200000000
38442 765.4400000000
38445 776.9200000000
38453 781.2700000000
38463 790.6100000000
38535 796.9900000000
38877 798.8900000000
38963 803.4900000000
21495 796.3400000000
39091 804.7400000000
39120 811.5000000000
39169 819.1000000000
21696 796.8100000000
21780 796.8300000000
39427 819.3800000000
39435 820.8800000000
39469 824.1300000000
22478 800.7100000000
40230 828.0900000000
40306 830.7100000000
40372 831.0600000000
40421 838.4700000000
23204 806.9500000000
41815 844.5200000000
24450 807.1300000000
24681 807.7500000000
24850 812.5300000000
25195 820.5800000000
25264 824.9800000000
26422 825.8700000000
44746 849.4300000000
29299 828.7900000000
29761 744.8500000000
29782 751.0000000000
29788 752.0600000000
29800 761.6000000000
29855 762.7100000000
29866 763.2000000000
29896 766.2600000000
29926 775.3300000000
30088 777.5700000000
30300 779.0900000000
30787 783.3400000000
30916 784.7300000000
31291 787.4800000000
32737 788.7400000000
32741 789.1400000000
32748 800.0000000000
32978 810.4000000000
33536 812.3000000000
33812 816.2700000000
34372 818.4400000000
38023 819.3900000000
45018 829.3800000000
45033 830.2800000000
45089 836.8500000000
45207 840.0100000000
44941 822.3600000000
45817 844.3200000000
45839 846.5200000000
46206 849.2300000000
49229 849.6200000000
72400 849.6300000000
72548 855.1000000000
72752 855.8400000000
72919 856.8500000000
73313 859.2400000000
74286 872.2100000000
78491 873.2700000000
57234 850.2700000000
57428 852.6000000000
64221 824.5800000000
64438 825.9900000000
64796 833.0300000000
66231 836.5200000000
71354 838.1100000000
74896 841.5000000000
75062 841.6700000000
75485 843.8700000000
75745 849.7600000000
75879 851.5400000000
75942 851.6800000000
76001 851.7200000000
100000 2.5000000000
evaluations raw_y
1 0.0000000000
2 4.2900000000
3 9.3500000000
6 13.6700000000
7 16.6500000000
10 17.3600000000
11 51.3500000000
13 74.5500000000
19 82.5700000000
25 86.4400000000
38 90.5100000000
39 93.3400000000
41 94.8400000000
66 98.3200000000
76 101.8600000000
89 127.2700000000
131 129.9200000000
149 134.4400000000
161 142.4000000000
200 147.2000000000
279 153.5100000000
285 171.9000000000
288 174.2400000000
299 174.8300000000
302 178.2900000000
303 183.1500000000
308 197.1900000000
310 199.3200000000
314 210.3700000000
319 214.1800000000
379 225.4000000000
505 240.3800000000
531 246.5600000000
570 259.7000000000
760 271.4800000000
909 291.1200000000
76298 859.0700000000
76812 860.0600000000
2633 294.6800000000
2647 355.2400000000
77093 873.3800000000
4152 355.6300000000
4168 362.3100000000
4172 373.9900000000
4332 378.2200000000
4455 386.6700000000
4720 394.7800000000
5482 397.7700000000
5719 483.7500000000
5805 485.2100000000
5848 491.9000000000
6113 493.4000000000
7781 498.3900000000
7782 502.1800000000
7895 511.7700000000
11142 514.2100000000
78827 855.1200000000
12344 527.5600000000
12375 528.7100000000
12417 626.4600000000
12449 630.0200000000
12462 637.0400000000
12474 642.5000000000
12556 646.6900000000
12725 661.6100000000
84353 879.9000000000
15815 661.6600000000
82519 855.9200000000
17353 664.5300000000
17656 667.0300000000
18015 680.1000000000
19190 689.0500000000
19425 689.7500000000
19895 695.7300000000
22720 745.7100000000
23640 752.5000000000
23645 764.3100000000
23695 765.0400000000
23749 767.1000000000
24076 770.1500000000
24179 771.1700000000
24237 774.0100000000
24668 781.1200000000
27501 791.6300000000
100000 847.4600000000
evaluations raw_y
1 0.0000000000
2 4.8900000000
3 12.9200000000
6 17.7700000000
7 21.0100000000
11 55.0000000000
13 79.4200000000
19 84.9600000000
22 87.4000000000
63 87.8100000000
65 120.6000000000
172 128.6300000000
178 157.7400000000
283 180.2200000000
285 188.0800000000
313 214.9500000000
366 225.9500000000
374 228.5700000000
379 229.9000000000
425 229.9800000000
430 230.0700000000
488 236.7100000000
604 244.6500000000
618 247.6300000000
622 249.8400000000
677 256.0900000000
729 259.0600000000
827 294.6300000000
1403 295.7300000000
1856 299.0400000000
2257 304.8500000000
2693 308.9200000000
2723 319.6600000000
2844 324.6800000000
3056 324.7800000000
3085 333.7900000000
3279 339.7900000000
3519 343.2400000000
34032 794.1600000000
4148 345.6300000000
4211 352.3100000000
4226 360.7800000000
4455 363.4300000000
4526 364.5100000000
4584 371.1500000000
4587 372.7700000000
4761 373.5400000000
4817 387.2400000000
5577 504.9600000000
99075 857.1500000000
36401 794.3500000000
100000 23.7800000000
evaluations raw_y
1 0.0000000000
2 4.1900000000
3 12.2900000000
6 13.7400000000
7 16.4300000000
8 19.2100000000
10 23.6100000000
11 54.2600000000
13 83.3300000000
19 85.4700000000
25 90.0100000000
51 95.5200000000
109 96.9900000000
114 106.0400000000
118 109.2900000000
120 110.9000000000
157 119.7800000000
165 124.5600000000
189 125.6200000000
197 126.9000000000
270 138.3600000000
272 153.8800000000
278 156.7300000000
280 174.4500000000
281 205.4300000000
363 214.5600000000
388 221.4300000000
407 225.2100000000
415 227.1500000000
418 231.9600000000
419 238.0900000000
433 238.7200000000
551 239.3800000000
581 250.0300000000
584 287.5600000000
937 288.6400000000
10171 508.1600000000
1359 289.9100000000
10238 510.1900000000
2414 296.9900000000
10763 512.6200000000
2560 309.5000000000
10829 512.7300000000
10884 520.1200000000
2717 314.0200000000
10904 521.4200000000
10913 531.1600000000
2742 336.5800000000
10922 536.5900000000
2867 340.0300000000
2891 343.8100000000
11032 539.3300000000
11095 545.9200000000
11199 550.4800000000
3249 353.7700000000
11359 557.3800000000
3656 361.4900000000
11551 562.2400000000
11866 562.9400000000
4180 362.4800000000
4269 366.7000000000
4270 372.5300000000
4286 377.5900000000
12117 645.6300000000
12173 646.4800000000
12219 668.3400000000
12253 668.4900000000
4641 385.5300000000
4962 389.7000000000
5591 454.0300000000
5595 468.0800000000
5611 472.8500000000
5627 479.6800000000
5727 492.1000000000
5730 494.5300000000
5755 503.7900000000
5940 507.8700000000
6342 509.7500000000
6384 511.9100000000
6416 514.6800000000
6505 528.7700000000
6931 547.5400000000
41682 795.0300000000
9333 553.5600000000
17477 675.8000000000
17504 677.2100000000
17512 679.7800000000
17533 680.1500000000
17576 682.8200000000
17596 684.6600000000
17744 684.6700000000
17894 688.9200000000
17985 703.1900000000
18037 713.7600000000
18077 722.4300000000
18423 733.2800000000
12301 567.3400000000
12372 569.3900000000
12423 573.0500000000
12886 583.8000000000
16775 589.4600000000
17704 593.2100000000
17790 598.5600000000
17966 671.1000000000
50857 806.6200000000
20258 681.5200000000
20310 683.3100000000
20353 684.6000000000
20412 707.1200000000
28389 734.7600000000
21295 711.2000000000
29275 774.3900000000
29291 777.2700000000
29292 780.8300000000
29362 787.6000000000
29488 799.9500000000
22744 713.0000000000
31369 800.6300000000
31967 805.6600000000
32167 806.2700000000
26054 724.1500000000
26177 725.4500000000
26449 730.4600000000
26533 799.4400000000
36497 810.1800000000
39339 813.8600000000
66735 811.8600000000
66967 812.5200000000
67010 820.4000000000
67013 825.1200000000
46375 815.4600000000
69588 827.4200000000
39331 804.1300000000
47245 837.5800000000
40048 806.6000000000
70463 831.1100000000
47451 839.0100000000
47470 845.0100000000
47960 845.3500000000
48056 846.8600000000
48840 867.6200000000
42530 806.9300000000
43466 807.5700000000
43483 811.9900000000
43624 821.0000000000
75654 833.2200000000
45309 823.1800000000
45339 829.5700000000
75755 835.7800000000
45352 837.3400000000
45379 845.0600000000
75889 837.1400000000
75918 840.1200000000
76139 846.8200000000
76315 848.3000000000
46357 847.4400000000
77137 851.3700000000
47451 848.5100000000
49336 848.8800000000
50101 852.7700000000
50907 857.1600000000
82027 851.7600000000
82789 852.8800000000
88858 854.7100000000
100000 713.2700000000
evaluations raw_y
1 0.0000000000
2 15.1800000000
3 49.1000000000
4 49.4900000000
5 51.0100000000
8 75.5300000000
20 99.0600000000
25 99.8300000000
43 112.3100000000
45 124.3300000000
46 133.0700000000
49 153.1100000000
112 175.5400000000
237 199.2200000000
261 202.5400000000
267 212.7200000000
317 225.0300000000
383 230.4600000000
459 248.3800000000
484 250.9400000000
499 260.3500000000
873 262.1800000000
906 272.3600000000
963 293.0700000000
1154 304.2700000000
1345 308.4600000000
1533 312.4300000000
1593 321.3900000000
2104 372.3000000000
2115 395.0000000000
2656 406.4500000000
3731 410.2100000000
5290 428.9400000000
7803 438.3900000000
7865 455.8600000000
7878 461.7000000000
7891 469.3500000000
8253 511.8300000000
8267 523.0200000000
8273 525.5000000000
8280 542.8000000000
8300 544.2900000000
8309 548.8100000000
8314 555.7900000000
8332 572.8100000000
8383 583.2100000000
9923 630.7100000000
9943 635.1600000000
9945 647.4400000000
10274 648.8000000000
10799 653.1700000000
10913 659.2000000000
74723 863.7000000000
12009 668.9600000000
14404 671.3700000000
15393 675.6700000000
15581 679.7800000000
16257 700.0900000000
17913 702.9700000000
22542 745.5400000000
23080 748.6100000000
23493 756.9300000000
26460 759.2500000000
26551 764.0500000000
26815 768.3500000000
27535 770.4600000000
100000 603.6800000000
evaluations raw_y
1 0.0000000000
2 16.7900000000
3 51.9800000000
4 59.0800000000
5 60.7300000000
8 71.9700000000
11 78.1900000000
19 78.2300000000
25 79.6400000000
34 88.4000000000
41 88.6400000000
43 88.7500000000
45 127.1300000000
73 146.4900000000
241 211.2800000000
265 221.2400000000
311 231.8400000000
324 240.8700000000
616 243.0700000000
1082 244.2600000000
1152 253.2300000000
1735 282.9100000000
1816 291.2000000000
1916 292.0500000000
2043 294.4900000000
2466 297.6000000000
30700 772.4600000000
3108 299.6700000000
3592 302.4100000000
3597 314.7100000000
3598 321.0800000000
3604 324.2000000000
3605 337.5100000000
3606 343.2600000000
3607 343.4600000000
3615 355.1600000000
3668 361.3000000000
3714 372.3000000000
3731 375.4800000000
3735 378.0400000000
3736 382.4900000000
3745 405.7500000000
3846 405.9500000000
3996 409.5100000000
4589 420.3700000000
31993 772.7000000000
5286 428.3900000000
5295 439.2900000000
5304 443.3300000000
5338 443.4700000000
5429 445.9600000000
5431 448.2100000000
5611 452.1800000000
5746 454.1500000000
32288 773.4700000000
6050 455.6900000000
6320 467.3400000000
7837 467.5300000000
7958 469.2800000000
8113 473.9200000000
34206 774.0700000000
9174 474.8400000000
9183 478.0600000000
9534 482.7600000000
9743 485.9300000000
9842 493.9300000000
9935 550.3000000000
11444 645.1100000000
11902 664.2100000000
36214 775.9000000000
39140 780.1700000000
16493 711.5500000000
16502 724.4100000000
16506 744.9100000000
16598 756.5200000000
16799 763.2300000000
42142 783.0900000000
100000 616.0000000000
evaluations raw_y
1 0.0000000000
2 15.9100000000
3 51.8700000000
4 53.6200000000
8 72.8600000000
11 80.1900000000
15 82.9300000000
19 89.5200000000
20 102.6300000000
25 113.4000000000
49 129.5700000000
56 130.2600000000
101 133.5600000000
267 152.5300000000
268 152.9200000000
269 154.5800000000
281 169.1500000000
294 182.7800000000
297 185.8500000000
298 194.8900000000
301 204.4100000000
313 205.0800000000
330 213.9900000000
379 221.5400000000
434 248.7300000000
482 249.4900000000
488 259.1000000000
667 262.6600000000
690 263.1200000000
1047 266.8000000000
1051 285.0200000000
1068 311.4900000000
1718 314.1400000000
1727 315.9600000000
1733 325.6000000000
1750 345.7700000000
1751 381.0200000000
1767 384.1900000000
1804 390.2300000000
1838 396.5500000000
21519 764.3800000000
2394 398.5900000000
2433 398.7500000000
3007 399.4600000000
44590 787.5800000000
44768 788.6300000000
44769 790.0300000000
4854 400.5400000000
45134 792.7500000000
5052 406.5400000000
45303 794.1400000000
45311 806.0300000000
5983 413.7600000000
6999 491.9800000000
7023 510.9700000000
7049 518.8900000000
7229 519.6200000000
8186 523.0800000000
8346 523.1100000000
8898 524.4800000000
8899 524.9300000000
8945 530.1800000000
9121 542.2000000000
26751 783.5800000000
11080 609.7300000000
12567 615.3700000000
15672 616.0500000000
18636 617.7400000000
18653 624.2600000000
18701 625.6800000000
18736 628.4500000000
19274 633.0700000000
19277 635.7000000000
19288 639.4500000000
19308 650.1300000000
19589 764.8200000000
19623 771.3900000000
19624 771.7100000000
19673 773.4300000000
19683 775.6100000000
19844 782.2400000000
19882 788.6800000000
19900 792.8100000000
20843 798.6400000000
22071 805.1400000000
23082 810.5000000000
23745 812.2400000000
60361 810.2900000000
27071 822.8000000000
41044 792.8000000000
41090 798.3700000000
41208 806.8600000000
42199 808.5900000000
43293 814.0900000000
67510 814.2800000000
46451 814.8000000000
68102 816.1000000000
70237 819.5900000000
70277 829.0500000000
82880 834.8000000000
86618 845.3700000000
67319 837.6500000000
91540 850.3200000000
93454 853.1100000000
71959 840.3600000000
74048 841.5800000000
98328 855.9600000000
100000 214.4200000000
evaluations raw_y
1 0.0000000000
2 3.8400000000
3 14.5700000000
4 20.0500000000
5 32.2600000000
6 42.2700000000
14 49.0600000000
17 59.5500000000
31 61.2900000000
40 71.0600000000
48 72.0700000000
50 80.3900000000
60 81.4600000000
72 84.3100000000
74 96.5600000000
82 107.8300000000
89 134.5100000000
133 140.5700000000
174 147.9600000000
275 152.9000000000
374 164.6600000000
524 180.2600000000
533 188.7800000000
537 195.8400000000
549 200.5900000000
557 204.1400000000
569 206.7000000000
579 219.8400000000
593 229.8300000000
626 233.4400000000
647 239.8000000000
654 249.2400000000
731 252.2100000000
854 258.1200000000
965 383.9000000000
981 387.2300000000
984 405.8200000000
1683 410.0100000000
2707 412.8600000000
3108 469.2400000000
3128 478.2600000000
3135 482.0900000000
3145 482.9600000000
3179 490.1600000000
3207 491.7500000000
3250 492.3900000000
3273 501.9600000000
3278 502.2100000000
3361 504.7400000000
3477 506.1300000000
3501 512.0500000000
3654 515.2600000000
4002 525.8700000000
4435 528.9600000000
7437 535.7200000000
80923 845.7600000000
80971 853.9700000000
8351 539.6900000000
81298 858.3700000000
8693 552.9400000000
9509 553.9200000000
10347 563.7000000000
82384 866.7100000000
12266 675.6200000000
12293 696.6500000000
12634 696.7200000000
12721 701.5300000000
13306 702.1800000000
13838 704.6700000000
14668 710.5300000000
85559 866.7900000000
85773 867.7100000000
18018 763.0400000000
18084 764.6800000000
18086 770.7800000000
18165 781.7000000000
18414 795.5400000000
87347 872.7900000000
21264 798.1500000000
95805 875.9300000000
100000 795.6100000000
evaluations raw_y
1 0.0000000000
2 3.1700000000
3 9.4400000000
4 15.7600000000
5 33.6800000000
6 44.4700000000
10 45.5400000000
12 48.6000000000
14 49.8300000000
17 64.6000000000
19 75.4300000000
31 78.4500000000
40 81.5300000000
50 88.2400000000
60 91.0700000000
65 104.5000000000
66 106.7500000000
81 108.2600000000
83 115.2100000000
90 120.4000000000
128 121.0700000000
167 121.8400000000
183 123.3100000000
188 127.5800000000
257 131.0600000000
309 134.7900000000
311 139.4400000000
422 147.8000000000
500 149.0300000000
501 159.8400000000
552 162.3900000000
592 166.7400000000
602 191.0400000000
810 199.9700000000
811 205.8400000000
814 224.6800000000
818 240.6600000000
820 246.0100000000
847 248.5000000000
860 267.3800000000
954 398.1900000000
957 423.6900000000
958 425.9900000000
1017 426.3400000000
1054 428.5800000000
1198 430.1100000000
1292 434.2000000000
1298 434.6700000000
1326 438.1600000000
1337 458.5300000000
6355 470.9700000000
6458 482.1300000000
8369 484.6900000000
8532 486.5500000000
8702 486.7900000000
8818 486.9700000000
8844 492.1500000000
8893 514.2100000000
8906 514.4800000000
9406 524.4400000000
9828 539.8900000000
9830 560.5900000000
9844 562.8200000000
9854 566.6400000000
9856 578.0300000000
9869 583.9400000000
9874 588.2000000000
9923 593.3800000000
9942 597.7700000000
9962 612.9800000000
92675 829.8500000000
93139 831.0200000000
12255 738.4100000000
93828 833.9800000000
97459 834.2400000000
20936 752.3300000000
100000 503.8000000000
evaluations raw_y
1 0.0000000000
2 3.7800000000
3 11.3400000000
4 18.4100000000
5 30.9500000000
6 38.9400000000
9 41.8100000000
13 50.1600000000
18 68.3600000000
41 74.0700000000
45 75.1100000000
48 76.4400000000
60 81.9900000000
65 86.2200000000
66 88.2700000000
72 92.7600000000
79 103.1600000000
82 108.2900000000
95 110.4300000000
115 115.5000000000
132 117.6300000000
133 133.6000000000
170 134.0400000000
205 144.2000000000
397 147.8500000000
403 153.0700000000
513 198.8800000000
546 203.3000000000
547 206.6400000000
568 227.7200000000
594 249.5900000000
660 254.8800000000
684 261.2900000000
834 264.4100000000
853 267.2900000000
906 270.4600000000
956 292.0500000000
968 313.3100000000
974 322.6100000000
975 324.8500000000
981 327.7400000000
1009 334.4800000000
23677 753.4400000000
1086 341.9800000000
1128 342.1400000000
1168 346.0900000000
1172 350.1500000000
1346 353.1900000000
1646 358.8800000000
24217 766.4200000000
3181 367.9700000000
3217 393.1800000000
5254 419.1200000000
5294 422.9000000000
5295 438.9100000000
5321 450.1900000000
5400 454.3500000000
5413 461.0100000000
5486 468.4600000000
6277 470.0100000000
26410 769.9400000000
6746 474.6000000000
7566 486.1600000000
7641 490.1300000000
8553 492.3200000000
9894 497.7500000000
9923 508.3800000000
9944 535.3000000000
10030 555.9900000000
28686 808.6100000000
11529 558.0400000000
11535 566.4000000000
11851 568.3600000000
12305 680.1100000000
12332 684.8900000000
12366 693.4200000000
12472 697.8200000000
12663 705.5800000000
13478 710.1500000000
57777 799.8300000000
57819 802.0900000000
58054 807.6500000000
59470 814.2200000000
60281 817.8600000000
23760 710.5000000000
23920 711.2700000000
23931 712.2500000000
24033 723.9600000000
26180 726.6300000000
28984 732.9300000000
29473 740.2400000000
34259 742.5900000000
34825 784.4600000000
34827 799.1800000000
34877 805.5700000000
34907 818.1300000000
36463 821.6100000000
74195 823.6200000000
46502 823.2100000000
87761 823.7700000000
67604 808.7100000000
90766 824.6200000000
91076 828.2400000000
72687 815.2900000000
100000 762.2700000000
evaluations raw_y
1 0.0000000000
2 9.1900000000
3 18.2600000000
8 38.0300000000
9 47.8300000000
11 51.0600000000
17 51.2500000000
19 67.8200000000
34 89.1100000000
67 96.3000000000
77 100.3800000000
82 116.1200000000
114 121.4600000000
147 121.4800000000
181 124.8600000000
187 151.4600000000
431 155.2500000000
518 157.8700000000
554 161.6800000000
600 185.0600000000
1217 196.6600000000
1249 200.9000000000
1379 226.1900000000
1382 230.0200000000
1390 237.1200000000
1398 247.3900000000
1405 258.8300000000
1429 268.7100000000
1466 274.0600000000
1492 277.4500000000
1511 289.9800000000
1574 303.9700000000
1792 321.5200000000
4848 329.2100000000
5213 329.5500000000
5297 332.1300000000
5470 340.6600000000
6376 377.4300000000
6421 383.4900000000
6431 386.8900000000
6437 391.7100000000
6454 513.3200000000
6465 515.9400000000
6475 520.5600000000
6617 521.4000000000
6646 527.7200000000
6919 533.8800000000
7017 534.4800000000
8817 537.2300000000
9879 540.5500000000
10016 543.4200000000
10045 591.3900000000
10047 603.7400000000
10048 608.4300000000
10060 608.4900000000
10126 621.6800000000
10141 623.1900000000
10548 626.0600000000
10554 626.6900000000
10723 642.6100000000
11286 660.6300000000
11317 663.3700000000
11649 663.8900000000
12535 669.8000000000
13062 679.4300000000
87270 817.9900000000
87307 829.0500000000
88097 829.2600000000
88240 829.3700000000
17135 679.8800000000
89006 830.0300000000
75264 837.9200000000
22176 680.7800000000
24893 688.4300000000
26099 688.5800000000
26110 690.9400000000
26146 691.0400000000
26151 692.0700000000
26152 694.8600000000
26252 695.4700000000
26294 696.8000000000
26320 704.0400000000
26543 711.1400000000
26794 711.6700000000
27082 715.9000000000
27443 718.1000000000
27449 722.9000000000
27454 729.7800000000
27455 732.2800000000
27475 742.5900000000
98078 833.3700000000
27944 762.8200000000
27951 765.1000000000
27967 774.6400000000
28167 788.2700000000
28601 790.3500000000
29102 792.0800000000
100000 -1.0000000000
evaluations raw_y
1 0.0000000000
2 6.9300000000
3 10.9100000000
8 35.6500000000
9 47.7100000000
14 55.0700000000
18 59.2800000000
19 70.0200000000
20 86.3900000000
25 87.1900000000
62 112.7100000000
182 129.0400000000
191 132.5800000000
207 133.4200000000
462 133.8300000000
496 140.2100000000
544 144.4900000000
554 149.9000000000
615 150.7300000000
744 151.1200000000
1083 152.4900000000
1211 157.2400000000
1224 164.1000000000
1240 171.0100000000
1274 171.1500000000
1301 171.9700000000
1338 191.4900000000
1406 234.5400000000
1418 235.7000000000
1482 239.8000000000
1495 246.7700000000
1499 260.9900000000
1519 281.2000000000
2101 285.2000000000
3965 285.5000000000
4281 297.8800000000
4853 298.9600000000
31861 792.8500000000
5397 305.7400000000
5433 307.8600000000
5770 323.6000000000
32409 802.6100000000
6323 336.7900000000
6381 417.3100000000
6453 438.2300000000
6473 448.7900000000
6484 452.4000000000
6505 460.5700000000
6517 463.8300000000
6576 482.5500000000
33060 813.2600000000
33126 828.8000000000
8386 506.2500000000
8405 519.7900000000
8415 520.5700000000
8417 523.5300000000
8427 527.4000000000
8445 533.9000000000
8484 535.7800000000
8494 544.3300000000
8548 548.7100000000
8553 561.6600000000
8715 660.8800000000
8727 666.0500000000
8730 669.3500000000
8733 669.6800000000
8734 679.1300000000
8748 685.5800000000
9028 691.2200000000
9462 694.1700000000
35469 834.9500000000
9861 698.7200000000
14713 700.2100000000
16877 705.2000000000
42244 835.5800000000
21999 706.0200000000
22097 707.8200000000
22174 708.3200000000
22240 709.7900000000
22277 715.9800000000
100000 609.5500000000
evaluations raw_y
1 0.0000000000
2 5.4100000000
3 7.3500000000
5 9.4500000000
6 11.7800000000
8 41.8100000000
11 58.6000000000
20 60.0100000000
21 76.6400000000
25 84.1800000000
45 85.2400000000
62 107.1800000000
103 112.0900000000
115 116.2500000000
22318 724.5700000000
146 118.9900000000
149 138.0600000000
190 138.7000000000
193 140.6700000000
209 145.3800000000
245 151.9700000000
532 156.2300000000
603 157.1800000000
628 173.8800000000
630 173.9400000000
677 180.9200000000
742 186.0700000000
877 198.8200000000
991 211.4900000000
1479 220.1000000000
1481 230.3600000000
1552 237.0600000000
1554 237.7500000000
1725 238.8300000000
1730 244.7100000000
1755 244.7800000000
23033 731.1700000000
1878 245.0600000000
1907 245.3200000000
1974 252.5800000000
23367 737.5000000000
2722 255.2100000000
2960 259.0900000000
3575 272.3800000000
3584 276.5400000000
3599 278.9300000000
3678 281.4300000000
3723 283.8800000000
3755 288.9000000000
3781 293.1000000000
3782 311.3700000000
3867 328.5600000000
4254 330.9100000000
4304 332.1200000000
4387 337.2700000000
4713 337.7500000000
4844 339.2400000000
4962 352.1700000000
5538 364.4400000000
6415 393.9100000000
6418 410.5000000000
6431 417.0900000000
6455 428.5800000000
6491 533.5600000000
6497 534.6600000000
6502 550.3200000000
6553 560.6600000000
6607 564.2200000000
27397 774.0600000000
27403 775.2200000000
27421 779.1900000000
27483 787.5200000000
8162 564.6600000000
8194 567.5600000000
27739 794.8700000000
51276 838.4000000000
51833 839.2200000000
10360 572.0300000000
10471 573.9300000000
10506 581.2600000000
52801 840.1100000000
10779 585.5100000000
11323 630.1500000000
11332 640.2900000000
11372 641.2200000000
11415 648.7500000000
11424 650.0700000000
11457 654.0700000000
11767 657.3000000000
31416 797.5000000000
12273 659.2100000000
12283 660.1300000000
12330 661.9700000000
12366 674.5800000000
32105 799.7100000000
32432 824.6600000000
55815 842.7100000000
56916 845.1000000000
58490 846.3300000000
21496 749.5400000000
21791 752.3900000000
21878 753.9600000000
22018 756.2700000000
22160 760.5500000000
22319 762.4300000000
22749 765.6600000000
23054 768.5100000000
24302 772.4300000000
24506 772.4600000000
26146 787.1800000000
48324 847.2700000000
32966 790.8900000000
33061 790.9100000000
33073 796.3300000000
33102 797.8200000000
33104 797.9900000000
33554 808.1000000000
33710 808.5300000000
34159 813.2500000000
36126 814.3100000000
38437 814.8900000000
95866 848.4900000000
95885 860.2400000000
57086 820.5400000000
57142 824.0800000000
78196 850.0900000000
59301 832.4900000000
78964 854.4900000000
100000 705.2700000000
evaluations raw_y
1 0.0000000000
2 20.5400000000
3 22.4700000000
4 23.9400000000
5 30.1800000000
12 39.9700000000
24 49.3900000000
29 51.3300000000
30 52.0600000000
31 71.6300000000
42 75.5800000000
45 75.9900000000
52 79.5200000000
53 90.0700000000
60 104.3200000000
64 117.9000000000
71 119.5300000000
93 121.4000000000
134 126.0500000000
200 133.2100000000
216 215.1400000000
267 234.1700000000
269 238.6500000000
291 247.3800000000
592 248.0300000000
599 256.1400000000
601 264.4400000000
607 269.8000000000
615 272.1400000000
619 281.7600000000
625 286.3700000000
648 296.4600000000
743 306.1200000000
750 307.5900000000
780 372.8000000000
809 379.9900000000
833 384.7700000000
847 384.7800000000
897 394.2600000000
916 397.7100000000
1047 401.5400000000
1092 409.8100000000
81663 858.0900000000
3262 411.3000000000
3272 413.6600000000
3583 414.0700000000
4040 417.2700000000
4140 419.1700000000
82349 869.6200000000
5208 424.5700000000
5787 426.9400000000
5830 429.1800000000
5844 433.4100000000
5884 436.8200000000
5952 443.8200000000
5961 444.8700000000
6197 446.8400000000
6324 457.4800000000
6389 460.9000000000
6420 467.8400000000
6477 470.7000000000
6716 471.4600000000
6918 474.7300000000
7094 482.8600000000
9140 485.2300000000
9165 494.9600000000
9196 495.8900000000
9403 497.1700000000
9664 498.3200000000
9709 574.6200000000
9710 603.9100000000
9939 615.0900000000
10577 616.7300000000
13112 622.1700000000
14736 622.2800000000
16209 623.6100000000
70504 841.7300000000
17851 724.3300000000
28060 750.6000000000
28064 770.3800000000
28139 775.1200000000
28253 777.3900000000
28306 781.3800000000
28633 787.1500000000
29327 793.4900000000
29470 797.4600000000
100000 -1.0000000000
evaluations raw_y
1 0.0000000000
2 16.0500000000
3 22.5000000000
4 26.5400000000
5 27.0800000000
8 31.1200000000
10 34.7900000000
18 35.7900000000
21 44.3000000000
24 53.3700000000
29 57.4500000000
30 66.8400000000
33 72.8500000000
38 79.9000000000
45 85.3600000000
50 91.6000000000
55 95.2200000000
60 135.7200000000
62 136.9900000000
177 145.6300000000
218 181.7100000000
220 185.8800000000
236 190.5100000000
239 202.1100000000
240 216.7100000000
243 217.0100000000
256 238.9400000000
344 240.7100000000
381 243.1300000000
390 255.0500000000
528 259.8700000000
914 266.5400000000
956 267.2600000000
1027 279.4600000000
1298 335.8500000000
1310 349.8200000000
1334 351.9300000000
1346 359.2600000000
33507 803.7600000000
33788 804.6400000000
33921 810.3000000000
2570 360.9600000000
2632 362.9000000000
34322 812.2900000000
3931 370.3200000000
34839 820.4200000000
34880 836.4700000000
5722 372.2700000000
5733 388.8700000000
5765 394.8300000000
5788 402.2700000000
5971 404.0700000000
6437 409.0400000000
36780 838.5300000000
36941 840.0400000000
36972 854.7700000000
37096 857.2400000000
37746 858.0300000000
9547 413.0400000000
9698 434.9000000000
9699 445.7600000000
9710 487.4400000000
9763 494.2800000000
9862 496.4300000000
10014 508.6200000000
10075 516.7900000000
38773 858.1400000000
39143 865.7500000000
11319 629.4900000000
11322 645.2900000000
11332 651.9400000000
11436 660.3100000000
11785 660.3700000000
14253 662.8600000000
42368 867.7400000000
16112 665.3600000000
17811 665.9800000000
19216 678.1200000000
44637 867.8700000000
46477 872.5200000000
22031 681.0800000000
22071 681.2600000000
22263 687.1700000000
22539 695.9900000000
27466 728.5700000000
27471 738.5600000000
27504 747.8500000000
27590 759.5800000000
29632 772.1000000000
31412 781.3900000000
100000 796.5500000000
evaluations raw_y
1 0.0000000000
2 15.9300000000
3 20.7900000000
4 23.0600000000
5 25.6400000000
8 26.9000000000
10 29.9100000000
12 34.7800000000
17 38.0200000000
18 45.4300000000
24 53.8500000000
29 58.7900000000
30 64.7000000000
31 79.7500000000
36 80.2300000000
52 89.1800000000
60 100.4900000000
69 102.4200000000
70 105.5600000000
71 134.4400000000
128 136.6800000000
142 142.1000000000
152 154.2900000000
219 172.8600000000
221 180.7600000000
237 188.8300000000
240 199.0800000000
241 199.2600000000
251 202.4300000000
253 207.0300000000
257 215.8900000000
336 221.2400000000
358 226.1000000000
364 226.5700000000
390 226.9700000000
391 240.7200000000
425 250.6600000000
556 251.2800000000
605 409.6700000000
1612 410.4900000000
36945 790.1100000000
1694 412.9800000000
1785 415.7200000000
1958 419.1500000000
2011 425.4800000000
2174 429.9400000000
3227 433.4000000000
3960 436.0100000000
6398 444.6400000000
6461 452.0700000000
6486 455.1200000000
6574 457.5300000000
6656 463.3400000000
7157 463.5900000000
7548 472.1300000000
8328 472.8000000000
9599 498.2300000000
9884 499.7400000000
11332 529.6800000000
11335 541.0400000000
11371 545.0500000000
11383 563.3000000000
11398 563.7700000000
11413 563.8700000000
11460 567.9000000000
11462 569.4800000000
11591 583.5600000000
11607 585.6000000000
11818 588.4200000000
13886 591.7600000000
15599 616.4000000000
15621 620.6500000000
15632 631.6400000000
15643 633.2700000000
15646 636.4000000000
15664 650.0800000000
15703 653.5500000000
15809 661.2100000000
15870 671.4200000000
16067 675.2300000000
17698 678.0900000000
17761 681.0100000000
18433 689.9500000000
18915 691.2000000000
19428 696.2800000000
19688 714.0300000000
20153 714.1200000000
50643 798.3100000000
53816 803.1300000000
54536 807.1500000000
54541 814.3800000000
54718 814.7100000000
54734 830.9800000000
55179 831.2700000000
55582 832.1200000000
57869 837.6100000000
32086 808.2800000000
32094 808.5600000000
32124 831.0900000000
32144 833.1600000000
32287 838.9200000000
32491 845.0700000000
32634 847.8500000000
100000 335.3200000000
evaluations raw_y
1 0.0000000000
2 11.9200000000
3 36.8400000000
5 54.0200000000
12 54.5600000000
27 71.0600000000
40 75.2000000000
42 99.2200000000
50 105.9400000000
68 112.4900000000
70 115.5500000000
80 116.4400000000
86 117.6200000000
90 127.4600000000
105 131.6900000000
112 136.6400000000
125 146.0600000000
211 150.6200000000
227 152.0300000000
239 160.7300000000
283 162.5200000000
348 164.4200000000
404 178.0300000000
463 181.2200000000
721 181.9000000000
722 188.6100000000
725 194.2800000000
726 209.9100000000
736 215.1400000000
737 224.2500000000
738 251.1500000000
779 255.9100000000
804 257.3800000000
826 261.1000000000
847 268.4300000000
922 269.2700000000
950 271.4200000000
957 282.0900000000
967 283.7200000000
976 286.8100000000
997 295.9400000000
1049 301.1800000000
1053 309.6300000000
1271 313.5600000000
1548 319.6000000000
1572 322.0900000000
1590 336.4100000000
2530 342.7600000000
3286 343.7200000000
3287 364.7300000000
3292 394.0800000000
3329 396.2100000000
3342 407.7800000000
3396 415.2100000000
3507 421.2500000000
3517 426.8900000000
3541 433.0000000000
3604 440.0000000000
3638 441.5000000000
3708 469.5900000000
54363 851.7100000000
6958 473.8000000000
6992 477.7400000000
7202 480.9100000000
7276 514.6600000000
7278 514.9800000000
7312 515.6100000000
7338 516.3100000000
7354 516.4400000000
7480 517.1800000000
7798 532.8600000000
8132 533.6400000000
9611 533.9500000000
10877 542.5100000000
15627 544.8300000000
15631 546.8300000000
15680 565.2100000000
15699 567.5500000000
15842 568.9800000000
16086 570.7400000000
16129 583.6100000000
16216 601.6300000000
16387 602.0600000000
16546 610.5600000000
16680 621.1400000000
17305 660.9800000000
17532 663.5400000000
23709 694.6100000000
26737 694.7800000000
28232 697.6200000000
30058 702.2400000000
30210 703.0700000000
30329 715.2900000000
30461 719.1800000000
31200 720.8000000000
99698 840.0000000000
100000 817.4900000000
evaluations raw_y
1 0.0000000000
2 11.8200000000
3 32.3300000000
5 44.1200000000
12 52.4200000000
20 61.2300000000
21 66.2500000000
27 78.0200000000
30 86.2800000000
34 87.8800000000
37 88.0800000000
38 89.3400000000
45 104.0900000000
53 111.8500000000
77 121.9500000000
111 122.4000000000
112 125.8800000000
120 132.8500000000
121 133.5200000000
169 138.0000000000
346 154.5900000000
480 159.2000000000
668 167.6000000000
725 258.8200000000
734 268.2000000000
736 271.4100000000
740 273.5900000000
784 277.3200000000
813 279.6100000000
988 283.0900000000
1060 295.9600000000
1265 299.7900000000
1297 313.4000000000
2658 420.7600000000
3878 422.0600000000
4273 447.5900000000
4322 450.9300000000
4569 459.1000000000
4614 527.7000000000
4627 528.7100000000
4631 548.4000000000
4664 551.0800000000
4700 557.5900000000
4796 565.4600000000
4806 568.2600000000
4990 570.1700000000
35627 805.8900000000
6445 577.0100000000
6928 582.2400000000
7065 582.9700000000
7072 586.9700000000
7143 600.1400000000
7330 670.6100000000
7848 688.9300000000
7866 695.4100000000
7899 701.4200000000
8074 708.7200000000
8167 709.0200000000
9145 709.3900000000
39287 807.5500000000
10582 710.0900000000
11164 713.0100000000
41530 811.9300000000
41807 815.0700000000
14455 725.7400000000
42963 817.6900000000
16364 728.2300000000
16378 733.5400000000
16721 741.3500000000
18924 743.4200000000
21391 746.1300000000
84134 852.6800000000
88183 853.2400000000
57435 823.7300000000
58767 826.9700000000
60521 828.9200000000
34780 818.0400000000
65088 832.3200000000
97396 854.2500000000
100000 211.2700000000
evaluations raw_y
1 0.0000000000
2 12.6500000000
3 51.6700000000
5 55.7500000000
20 61.7500000000
21 67.2900000000
40 81.5800000000
42 84.7300000000
50 107.4300000000
58 113.7600000000
66 116.7600000000
68 138.3500000000
97 146.6200000000
108 150.9100000000
119 153.4100000000
150 167.6500000000
190 171.9300000000
1014 182.2000000000
1024 192.0000000000
1029 204.1500000000
1046 208.8500000000
1067 217.5400000000
1069 232.1500000000
1415 250.9100000000
1627 257.3300000000
1691 263.5800000000
1782 267.6500000000
1887 286.9500000000
2192 289.5900000000
2426 295.9400000000
2784 307.5500000000
3151 341.1300000000
3165 370.4700000000
3208 374.9500000000
3216 375.2300000000
3262 403.5300000000
3523 404.1900000000
3535 407.7100000000
3545 417.8400000000
3568 425.0800000000
43680 823.8900000000
43863 830.1400000000
4277 429.1200000000
4617 563.5600000000
44984 832.3400000000
7847 565.1400000000
7864 573.8600000000
7865 581.0400000000
7905 589.8700000000
8041 590.6900000000
8448 591.9300000000
8506 595.8300000000
47165 835.7800000000
9590 598.6600000000
10377 599.0400000000
10475 616.0000000000
48262 837.5800000000
12328 616.1700000000
12570 618.5300000000
12632 620.1400000000
12730 623.4600000000
12924 737.7100000000
15244 739.5700000000
15301 754.6500000000
16264 758.4600000000
21493 764.2100000000
21529 766.9200000000
21586 768.3000000000
21590 772.6900000000
56855 849.6500000000
24732 772.8600000000
25502 776.3900000000
25525 776.7200000000
64744 852.2500000000
64817 855.6400000000
30879 782.3700000000
66101 859.4400000000
66130 864.9900000000
90508 834.6200000000
91354 846.2300000000
91406 862.2600000000
68076 870.3000000000
36045 783.2600000000
36154 787.0300000000
37461 790.6800000000
39321 794.8100000000
39327 806.0600000000
39328 808.1700000000
39347 809.9600000000
39372 821.0700000000
40384 829.7200000000
100000 749.5100000000
evaluations raw_y
1 0.0000000000
2 16.7200000000
3 19.0000000000
5 24.0700000000
6 40.9200000000
7 64.0700000000
32 73.3300000000
33 76.9700000000
34 90.6900000000
50 106.6600000000
54 139.1800000000
270 145.8600000000
313 155.7200000000
366 193.0400000000
379 195.4700000000
386 203.6600000000
394 216.7300000000
401 226.1400000000
406 228.4800000000
411 230.1800000000
415 240.3500000000
422 247.3000000000
435 248.1800000000
454 268.9400000000
582 270.2700000000
593 276.9500000000
595 279.1700000000
672 284.6300000000
702 285.6400000000
1034 351.6200000000
1047 371.2000000000
1050 380.9100000000
1065 390.4600000000
1112 394.7500000000
1160 399.2300000000
1216 414.8300000000
1243 440.2800000000
1403 442.8300000000
1697 447.3500000000
1733 449.3200000000
2004 450.6800000000
2246 455.3000000000
3056 459.8200000000
6179 524.6500000000
7194 566.4400000000
46440 832.0100000000
48158 832.5200000000
17478 625.4500000000
17531 646.2300000000
17677 652.4900000000
17705 654.6700000000
17884 660.1700000000
85886 872.0900000000
18201 667.7000000000
51343 845.6900000000
19440 668.1900000000
20619 669.7100000000
21623 742.3800000000
31120 749.7800000000
31157 751.4900000000
31327 751.8200000000
31329 761.8900000000
31380 764.8100000000
31902 766.6400000000
34300 767.1500000000
35270 772.6500000000
36209 775.8300000000
100000 718.5300000000
evaluations raw_y
1 0.0000000000
2 11.5200000000
3 16.0200000000
5 32.4000000000
6 36.0200000000
7 79.0700000000
42 81.8600000000
59 87.2200000000
63 92.9500000000
86 103.2400000000
101 105.2700000000
138 111.9000000000
139 127.7900000000
162 128.1300000000
186 133.7700000000
188 150.0900000000
364 192.6500000000
383 201.9200000000
384 223.6800000000
420 224.3500000000
426 225.7200000000
433 248.8400000000
445 255.0000000000
459 263.4900000000
471 264.6100000000
501 384.5000000000
502 399.7900000000
575 412.6000000000
614 416.8400000000
680 423.9400000000
698 425.3000000000
733 425.9200000000
926 429.5600000000
1706 440.1500000000
1716 440.9900000000
1736 446.8100000000
1771 452.0600000000
1870 458.6500000000
2076 459.7400000000
2641 461.7000000000
3043 464.5900000000
4093 465.2900000000
5268 467.1500000000
5791 468.5000000000
6061 469.2300000000
6205 484.3400000000
41188 777.9500000000
9629 490.8900000000
11110 504.2400000000
11125 523.9300000000
11143 527.9700000000
11146 531.1400000000
11206 541.1600000000
11233 557.8500000000
12051 564.1400000000
12181 565.3000000000
12238 566.2600000000
12242 578.5800000000
12290 580.0400000000
12486 585.0400000000
12828 585.7200000000
12927 611.6800000000
14088 615.3200000000
14199 622.2200000000
14496 624.7800000000
14783 635.4700000000
16968 680.4700000000
19065 690.8300000000
19158 702.6200000000
54185 779.8900000000
22302 703.7100000000
24056 708.4000000000
24080 717.1400000000
24556 718.1700000000
24745 720.7900000000
25421 724.3400000000
25614 755.9500000000
25618 775.5900000000
25621 777.2900000000
25638 788.5300000000
26045 789.8800000000
26698 790.6800000000
28055 802.1800000000
63435 780.5300000000
65824 783.4600000000
66072 784.9000000000
87938 848.2200000000
87963 853.1800000000
88225 853.5600000000
89511 864.0500000000
70449 787.9200000000
37891 808.2400000000
37913 819.8100000000
37953 827.1800000000
37974 830.7900000000
93233 865.1300000000
39563 834.9600000000
76521 789.1600000000
76652 816.5500000000
42647 836.7200000000
43046 837.0800000000
45239 844.3700000000
80822 823.8700000000
81400 830.1900000000
100000 828.7700000000
evaluations raw_y
1 0.0000000000
2 16.6400000000
3 22.2700000000
6 31.6900000000
7 68.2700000000
14 72.4100000000
20 78.9800000000
26 85.4400000000
31 88.7500000000
34 89.2800000000
56 90.2200000000
64 107.6100000000
77 116.4700000000
87 137.3500000000
182 137.7500000000
364 174.1300000000
365 196.6100000000
373 206.9300000000
384 218.4900000000
391 226.3000000000
435 231.3000000000
440 235.0200000000
459 253.0600000000
470 258.9100000000
471 275.9800000000
502 430.5600000000
534 439.7400000000
546 441.5100000000
1251 448.0700000000
1710 471.8900000000
2836 474.4900000000
2908 476.0200000000
2970 477.9500000000
5567 478.8800000000
85947 830.9900000000
6879 488.9300000000
7227 599.1000000000
50834 848.1400000000
51179 849.1300000000
51301 850.6900000000
9849 600.8100000000
11094 652.0400000000
11105 664.5800000000
11109 673.2300000000
11319 673.8100000000
11331 684.8400000000
11433 693.2000000000
12006 702.2800000000
13231 705.1500000000
13248 705.9300000000
13266 707.7800000000
13281 726.2600000000
95809 832.1900000000
98000 834.1400000000
23164 731.2800000000
100000 340.4200000000
evaluations raw_y
1 0.0000000000
2 20.2300000000
3 32.3400000000
7 34.5400000000
9 38.0200000000
17 47.0100000000
18 58.8600000000
20 63.4300000000
21 66.5400000000
22 82.1200000000
26 89.9000000000
36 91.1600000000
72 101.7200000000
78 108.8100000000
89 118.1900000000
90 146.2200000000
119 153.9700000000
315 160.7000000000
388 167.1800000000
396 168.4900000000
456 170.7000000000
462 178.9500000000
822 181.1800000000
840 193.5200000000
864 201.5600000000
869 217.6200000000
870 249.2100000000
902 258.5700000000
916 263.0300000000
972 272.4800000000
1186 273.8700000000
1220 276.6700000000
1224 279.8800000000
1239 281.2000000000
1240 287.3600000000
1260 298.0900000000
1338 309.8400000000
1419 312.0000000000
23937 731.9800000000
1730 313.2200000000
1747 316.4700000000
1753 318.6600000000
1854 320.7600000000
2229 323.7000000000
2858 323.9800000000
2933 329.2800000000
3269 332.9200000000
3328 337.7200000000
3973 422.8300000000
3980 426.2400000000
4016 431.4500000000
4018 449.7700000000
4024 451.1900000000
4029 466.2900000000
4060 473.6900000000
4249 478.9900000000
4274 485.2700000000
4655 506.0800000000
6093 507.2800000000
6257 509.6200000000
6265 510.1800000000
6493 516.2200000000
6607 520.9000000000
6635 525.9000000000
6781 531.4600000000
7634 568.6200000000
7657 572.5900000000
7658 590.7500000000
7864 603.5900000000
7904 611.9500000000
28077 780.4600000000
28197 783.5400000000
28828 784.3500000000
28864 784.5800000000
29117 788.2500000000
71092 850.8000000000
11048 613.1600000000
11341 615.6900000000
30279 788.7600000000
30537 799.1400000000
12075 619.4800000000
12373 621.8000000000
14386 668.5500000000
14394 683.7700000000
14413 690.6100000000
33290 802.4200000000
16069 693.3100000000
17600 696.7800000000
17615 698.8400000000
36655 803.3600000000
79597 851.9300000000
20217 700.4400000000
20237 701.8900000000
20384 713.9300000000
37957 808.4500000000
37989 813.0300000000
37998 820.4800000000
38074 825.9700000000
20758 714.0000000000
38511 828.5000000000
38615 837.9500000000
38648 838.7700000000
21394 729.2500000000
38883 841.9400000000
43330 843.2500000000
44180 850.2700000000
35242 797.9000000000
35254 831.7600000000
35649 832.8000000000
36373 835.1900000000
37481 837.5500000000
100000 713.2600000000
evaluations raw_y
1 0.0000000000
2 26.9800000000
3 34.9800000000
10 42.4700000000
11 49.4300000000
19 55.1500000000
21 58.2300000000
22 69.9800000000
33 78.1900000000
36 89.6000000000
38 89.6400000000
68 90.1400000000
72 112.7300000000
114 118.5700000000
121 132.6100000000
136 134.8700000000
235 135.2900000000
254 141.4900000000
288 142.2200000000
311 143.0400000000
312 150.2700000000
313 192.8300000000
863 195.6700000000
865 196.4000000000
868 207.7300000000
869 221.7400000000
872 224.3300000000
887 227.2400000000
893 231.2900000000
894 262.0100000000
949 268.4600000000
1071 272.9900000000
1204 279.4900000000
1223 281.5500000000
1240 284.4700000000
1249 288.4800000000
1255 293.1500000000
1258 299.1200000000
1286 299.4400000000
1307 309.4200000000
1333 318.4700000000
1371 324.3800000000
1374 331.3100000000
41766 844.1100000000
1912 335.6200000000
1934 341.6100000000
2422 358.3200000000
2596 364.9400000000
2654 375.8000000000
2759 378.2500000000
42478 844.1800000000
3973 397.7800000000
3979 417.8400000000
3982 435.8200000000
4060 442.1000000000
4081 444.8900000000
4093 448.5700000000
4102 460.0400000000
4119 473.6400000000
4595 480.6700000000
4655 481.4200000000
4721 493.3400000000
4934 493.3900000000
4947 494.4700000000
5015 502.1600000000
6856 583.4900000000
6861 607.4400000000
6864 610.2400000000
6955 610.6400000000
7214 613.7000000000
7233 616.4700000000
7315 625.2300000000
7411 628.1100000000
9574 632.4700000000
9593 632.7400000000
9598 648.4500000000
9659 662.5700000000
10177 665.6300000000
10249 667.7800000000
10328 668.9800000000
10358 682.8500000000
13701 687.9200000000
14004 774.3800000000
14036 779.0500000000
14050 782.5200000000
14078 788.8400000000
14169 789.4100000000
14238 789.7800000000
14419 800.0600000000
14757 801.2300000000
15402 802.7900000000
16394 807.9200000000
16439 807.9500000000
18480 811.0300000000
23834 811.2500000000
27676 811.3200000000
27834 823.6700000000
64934 846.0700000000
34054 823.7300000000
36863 824.2400000000
37067 832.1400000000
37730 832.5100000000
38376 835.9700000000
40088 838.6900000000
40122 841.0300000000
40371 842.9300000000
40420 850.6600000000
40495 851.3800000000
40567 863.6400000000
82242 851.9100000000
48181 868.7900000000
100000 731.0500000000
evaluations raw_y
1 0.0000000000
2 27.3100000000
3 30.9900000000
7 34.0900000000
9 43.9100000000
17 49.2100000000
18 55.1700000000
21 58.5300000000
22 84.3300000000
48 96.6300000000
60 114.1100000000
147 124.4000000000
159 128.6700000000
169 161.7300000000
203 169.4300000000
227 170.3000000000
237 170.7100000000
314 175.7800000000
676 176.5300000000
846 191.8300000000
851 204.4800000000
853 215.9800000000
859 235.7100000000
875 256.6500000000
922 277.5900000000
974 287.6400000000
1076 289.3000000000
1166 294.3700000000
1178 296.9700000000
1222 300.9500000000
1253 320.4000000000
1352 346.1700000000
1785 350.1800000000
3576 352.9000000000
3936 364.4800000000
3953 449.6000000000
3954 467.9100000000
3960 470.7000000000
3982 474.2500000000
4018 476.0800000000
4023 479.6000000000
4070 479.7700000000
4083 487.2900000000
4365 492.3000000000
5058 495.0400000000
5868 495.3700000000
6144 502.1000000000
6255 504.0700000000
6315 507.8000000000
6751 513.6600000000
6834 579.4700000000
6842 607.2700000000
7507 607.8000000000
7521 613.6300000000
11150 616.0900000000
11879 616.7200000000
12188 618.3200000000
13225 621.2600000000
14040 634.2800000000
14287 642.8400000000
14302 729.2600000000
14314 737.0100000000
14323 739.7200000000
14394 743.0900000000
94699 856.8800000000
14589 766.2700000000
20187 782.3700000000
100000 604.6100000000
evaluations raw_y
1 0.0000000000
2 1.7100000000
3 28.4600000000
6 34.8400000000
8 47.8800000000
9 61.2800000000
10 79.1300000000
19 122.2300000000
21 132.9700000000
23 169.1300000000
26 173.6700000000
39 178.2600000000
48 182.8400000000
49 184.6900000000
56 191.1200000000
102 192.0200000000
107 195.7100000000
109 212.8700000000
113 214.6900000000
197 227.4700000000
321 239.0600000000
394 249.7100000000
593 250.6300000000
605 252.8100000000
609 253.2900000000
611 255.5300000000
621 262.8900000000
622 266.4800000000
629 280.2300000000
630 298.0300000000
688 303.5600000000
731 307.9400000000
770 317.2300000000
777 317.8500000000
20648 801.1600000000
921 318.3500000000
932 323.5400000000
995 336.7100000000
1027 348.9300000000
1032 483.8600000000
4577 499.5300000000
4818 503.8000000000
5473 511.0700000000
6586 613.8500000000
6588 621.2900000000
6593 629.5200000000
6670 629.6900000000
7029 640.0300000000
25707 837.2400000000
10979 642.6400000000
11002 643.5900000000
11024 645.9700000000
11123 650.8900000000
11361 663.9100000000
13408 673.4700000000
16104 685.6900000000
16172 690.6900000000
16429 692.0800000000
17175 692.6500000000
17930 699.1500000000
37226 838.7000000000
25460 703.1800000000
37684 844.2200000000
38889 847.0700000000
39252 851.3900000000
29890 779.1400000000
29955 795.2300000000
30061 797.2200000000
30119 797.9900000000
30219 800.3400000000
31115 803.5300000000
32823 806.2500000000
36508 809.2300000000
45181 822.0300000000
45208 831.0400000000
45939 835.1800000000
48719 837.5200000000
100000 506.0400000000
evaluations raw_y
1 0.0000000000
2 2.1600000000
3 37.2000000000
8 55.0200000000
9 64.2600000000
10 74.7600000000
15 98.8200000000
19 205.0400000000
38 209.6700000000
47 214.2000000000
49 214.7100000000
138 222.0100000000
189 230.2800000000
220 230.4900000000
49385 852.4300000000
815 234.2100000000
1028 310.1900000000
1050 321.4800000000
1054 322.7200000000
1059 333.1600000000
1333 334.7200000000
1554 343.2700000000
1985 351.0500000000
1999 351.5500000000
2056 354.1600000000
2218 355.5500000000
2258 359.3900000000
2300 361.9400000000
2569 365.9000000000
2842 371.3600000000
3038 382.3600000000
3041 392.9100000000
3044 408.3200000000
3049 414.8300000000
3052 421.9100000000
3054 428.8400000000
3069 439.7800000000
3089 440.1200000000
3129 446.7800000000
3140 451.4200000000
3150 457.6400000000
3188 460.3700000000
3233 464.4200000000
3540 468.2300000000
3636 470.4000000000
3696 471.3800000000
3724 474.9800000000
4275 485.9300000000
4302 488.3600000000
4496 589.3500000000
6597 599.2800000000
6599 624.8200000000
6614 625.6500000000
6774 629.7800000000
6802 635.0500000000
7027 639.4400000000
7528 643.5800000000
9447 644.8200000000
10663 657.8900000000
15227 658.1700000000
15253 666.1000000000
18628 667.9100000000
21429 779.0800000000
21751 781.9700000000
22292 790.0500000000
24302 797.3600000000
25758 801.8600000000
25894 813.1200000000
25951 816.4400000000
26084 817.2500000000
26296 822.0500000000
26299 827.0000000000
26425 829.2400000000
29237 835.7600000000
34845 843.1200000000
