evaluations raw_y
1 -209.0000000000
4 -199.0000000000
5 -191.0000000000
44 -188.0000000000
63 -187.0000000000
76 -185.0000000000
92 -182.0000000000
105 -175.0000000000
141 -171.0000000000
145 -170.0000000000
161 -169.0000000000
186 -165.0000000000
192 -163.0000000000
207 -160.0000000000
223 -159.0000000000
245 -154.0000000000
269 -153.0000000000
290 -150.0000000000
293 -148.0000000000
315 -147.0000000000
334 -144.0000000000
343 -139.0000000000
369 -138.0000000000
378 -137.0000000000
391 -129.0000000000
463 -124.0000000000
491 -122.0000000000
521 -115.0000000000
563 -110.0000000000
623 -108.0000000000
655 -103.0000000000
667 -102.0000000000
697 -101.0000000000
728 -99.0000000000
768 -96.0000000000
801 -95.0000000000
845 -94.0000000000
855 -93.0000000000
872 -92.0000000000
879 -91.0000000000
885 -90.0000000000
915 -89.0000000000
920 -88.0000000000
942 -87.0000000000
955 -85.0000000000
980 -83.0000000000
1006 -82.0000000000
1054 -81.0000000000
1074 -80.0000000000
1090 -79.0000000000
1111 -78.0000000000
1138 -77.0000000000
1166 -76.0000000000
1168 -73.0000000000
1222 -71.0000000000
1247 -70.0000000000
1271 -69.0000000000
1297 -68.0000000000
1311 -67.0000000000
1321 -66.0000000000
1344 -65.0000000000
1391 -64.0000000000
1409 -63.0000000000
1413 -62.0000000000
1423 -61.0000000000
1488 -59.0000000000
1570 -58.0000000000
1571 -57.0000000000
1599 -55.0000000000
1628 -52.0000000000
1778 -51.0000000000
1788 -50.0000000000
1808 -49.0000000000
1861 -48.0000000000
1883 -47.0000000000
1897 -46.0000000000
1966 -45.0000000000
2001 -43.0000000000
2064 -42.0000000000
2097 -41.0000000000
2109 -40.0000000000
2206 -38.0000000000
2228 -37.0000000000
2307 -36.0000000000
2311 -35.0000000000
2349 -34.0000000000
2417 -33.0000000000
2452 -32.0000000000
2467 -31.0000000000
2521 -30.0000000000
2524 -29.0000000000
2575 -28.0000000000
2639 -27.0000000000
2671 -26.0000000000
2743 -25.0000000000
2785 -24.0000000000
2882 -22.0000000000
2935 -20.0000000000
3001 -18.0000000000
3083 -17.0000000000
3123 -16.0000000000
3236 -15.0000000000
3260 -14.0000000000
3340 -13.0000000000
3389 -12.0000000000
3450 -11.0000000000
3506 -10.0000000000
3585 -8.0000000000
3626 -7.0000000000
3684 -6.0000000000
3735 -5.0000000000
3811 -4.0000000000
3895 -3.0000000000
3910 -2.0000000000
4042 -1.0000000000
4142 384.0000000000
4172 395.0000000000
4289 401.0000000000
4606 416.0000000000
4922 417.0000000000
6432 420.0000000000
10279 421.0000000000
10571 422.0000000000
11899 429.0000000000
19540 431.0000000000
20260 433.0000000000
73383 434.0000000000
75831 436.0000000000
100000 -1.0000000000
evaluations raw_y
1 -195.0000000000
22 -191.0000000000
59 -190.0000000000
82 -188.0000000000
86 -186.0000000000
87 -182.0000000000
102 -180.0000000000
106 -176.0000000000
142 -173.0000000000
155 -170.0000000000
164 -165.0000000000
208 -162.0000000000
227 -160.0000000000
250 -159.0000000000
252 -158.0000000000
263 -157.0000000000
271 -154.0000000000
288 -151.0000000000
303 -148.0000000000
316 -146.0000000000
326 -144.0000000000
345 -140.0000000000
386 -139.0000000000
387 -135.0000000000
403 -134.0000000000
426 -129.0000000000
453 -125.0000000000
483 -124.0000000000
486 -123.0000000000
507 -121.0000000000
542 -119.0000000000
567 -117.0000000000
585 -116.0000000000
596 -115.0000000000
617 -113.0000000000
627 -112.0000000000
666 -109.0000000000
667 -105.0000000000
720 -104.0000000000
747 -103.0000000000
773 -102.0000000000
808 -100.0000000000
831 -99.0000000000
864 -98.0000000000
884 -97.0000000000
921 -96.0000000000
927 -93.0000000000
943 -92.0000000000
962 -91.0000000000
983 -89.0000000000
987 -88.0000000000
1023 -87.0000000000
1058 -85.0000000000
1102 -83.0000000000
1167 -80.0000000000
1188 -79.0000000000
1230 -78.0000000000
1263 -77.0000000000
1282 -76.0000000000
1288 -75.0000000000
1304 -74.0000000000
1365 -73.0000000000
1413 -71.0000000000
1444 -67.0000000000
1504 -66.0000000000
1552 -65.0000000000
1559 -63.0000000000
1608 -62.0000000000
1626 -58.0000000000
1669 -55.0000000000
1682 -52.0000000000
1819 -50.0000000000
1889 -49.0000000000
1897 -48.0000000000
1901 -47.0000000000
1927 -46.0000000000
1960 -45.0000000000
1989 -43.0000000000
2028 -41.0000000000
2100 -40.0000000000
2146 -39.0000000000
2156 -38.0000000000
2200 -37.0000000000
2225 -36.0000000000
2230 -35.0000000000
2268 -34.0000000000
2329 -33.0000000000
2332 -32.0000000000
2333 -31.0000000000
2367 -30.0000000000
2391 -29.0000000000
2392 -27.0000000000
2506 -26.0000000000
2525 -25.0000000000
2565 -24.0000000000
2607 -23.0000000000
2685 -22.0000000000
2699 -21.0000000000
2754 -20.0000000000
2788 -19.0000000000
2837 -18.0000000000
2855 -17.0000000000
2874 -16.0000000000
2903 -15.0000000000
2977 -14.0000000000
3001 -13.0000000000
3037 -12.0000000000
3069 -11.0000000000
3199 -10.0000000000
3234 -9.0000000000
3383 -8.0000000000
3447 -7.0000000000
3524 -6.0000000000
3582 -5.0000000000
3586 -4.0000000000
3692 -3.0000000000
3861 -2.0000000000
3884 -1.0000000000
3928 363.0000000000
4007 367.0000000000
4009 383.0000000000
4072 384.0000000000
4189 392.0000000000
4349 396.0000000000
5703 404.0000000000
6293 407.0000000000
6561 413.0000000000
6838 415.0000000000
8054 416.0000000000
8274 417.0000000000
8336 421.0000000000
8509 423.0000000000
8575 424.0000000000
38695 425.0000000000
38747 428.0000000000
39288 429.0000000000
39530 431.0000000000
100000 -1.0000000000
evaluations raw_y
1 -220.0000000000
2 -211.0000000000
4 -199.0000000000
19 -192.0000000000
41 -172.0000000000
125 -163.0000000000
164 -161.0000000000
171 -158.0000000000
181 -156.0000000000
186 -150.0000000000
204 -147.0000000000
233 -146.0000000000
245 -140.0000000000
263 -137.0000000000
303 -136.0000000000
330 -132.0000000000
335 -125.0000000000
380 -121.0000000000
389 -118.0000000000
421 -117.0000000000
425 -115.0000000000
437 -112.0000000000
444 -106.0000000000
485 -105.0000000000
493 -98.0000000000
549 -96.0000000000
575 -94.0000000000
593 -92.0000000000
607 -88.0000000000
649 -85.0000000000
663 -84.0000000000
698 -82.0000000000
733 -81.0000000000
764 -80.0000000000
766 -78.0000000000
804 -77.0000000000
821 -76.0000000000
829 -74.0000000000
880 -73.0000000000
885 -70.0000000000
897 -69.0000000000
935 -67.0000000000
965 -66.0000000000
1003 -65.0000000000
1005 -64.0000000000
1037 -63.0000000000
1043 -62.0000000000
1068 -59.0000000000
1126 -57.0000000000
1138 -56.0000000000
1164 -55.0000000000
1193 -53.0000000000
1228 -50.0000000000
1284 -48.0000000000
1306 -47.0000000000
1368 -46.0000000000
1416 -45.0000000000
1417 -44.0000000000
1464 -43.0000000000
1471 -42.0000000000
1557 -41.0000000000
1570 -39.0000000000
1667 -38.0000000000
1693 -37.0000000000
1723 -36.0000000000
1741 -35.0000000000
1826 -34.0000000000
1845 -33.0000000000
1857 -32.0000000000
1926 -31.0000000000
1953 -30.0000000000
1964 -28.0000000000
2031 -27.0000000000
2063 -26.0000000000
2094 -25.0000000000
2131 -24.0000000000
2187 -22.0000000000
2279 -20.0000000000
2308 -19.0000000000
2341 -18.0000000000
2362 -17.0000000000
2385 -16.0000000000
2436 -15.0000000000
2483 -14.0000000000
2546 -13.0000000000
2631 -12.0000000000
2693 -11.0000000000
2738 -10.0000000000
2766 -9.0000000000
2852 -8.0000000000
2888 -7.0000000000
2985 -6.0000000000
3035 -5.0000000000
3088 -4.0000000000
3103 -3.0000000000
3209 -2.0000000000
3304 -1.0000000000
3352 397.0000000000
3445 402.0000000000
3461 409.0000000000
3677 412.0000000000
4432 415.0000000000
4650 416.0000000000
4688 417.0000000000
4824 421.0000000000
13658 423.0000000000
13875 426.0000000000
14817 428.0000000000
18040 430.0000000000
19158 431.0000000000
29841 432.0000000000
34861 435.0000000000
62396 437.0000000000
100000 437.0000000000
evaluations raw_y
1 -195.0000000000
19 -185.0000000000
57 -179.0000000000
72 -178.0000000000
91 -176.0000000000
102 -171.0000000000
130 -167.0000000000
149 -162.0000000000
171 -161.0000000000
180 -157.0000000000
195 -154.0000000000
210 -151.0000000000
230 -150.0000000000
244 -146.0000000000
246 -145.0000000000
251 -144.0000000000
263 -138.0000000000
286 -136.0000000000
326 -135.0000000000
332 -133.0000000000
334 -129.0000000000
392 -126.0000000000
393 -123.0000000000
404 -122.0000000000
418 -121.0000000000
447 -119.0000000000
462 -117.0000000000
482 -116.0000000000
486 -115.0000000000
506 -113.0000000000
535 -112.0000000000
548 -110.0000000000
579 -108.0000000000
581 -107.0000000000
619 -101.0000000000
643 -100.0000000000
663 -99.0000000000
684 -98.0000000000
706 -92.0000000000
755 -91.0000000000
773 -90.0000000000
783 -86.0000000000
843 -83.0000000000
899 -82.0000000000
935 -80.0000000000
949 -78.0000000000
1011 -77.0000000000
1021 -76.0000000000
1031 -73.0000000000
1045 -72.0000000000
1050 -71.0000000000
1072 -68.0000000000
1130 -67.0000000000
1140 -66.0000000000
1165 -65.0000000000
1186 -64.0000000000
1218 -62.0000000000
1265 -60.0000000000
1287 -59.0000000000
1326 -57.0000000000
1357 -56.0000000000
1385 -55.0000000000
1416 -52.0000000000
1472 -50.0000000000
1522 -47.0000000000
1653 -46.0000000000
1685 -45.0000000000
1698 -44.0000000000
1738 -43.0000000000
1764 -41.0000000000
1800 -40.0000000000
1807 -39.0000000000
1823 -38.0000000000
1887 -37.0000000000
1915 -36.0000000000
1975 -35.0000000000
2016 -34.0000000000
2019 -33.0000000000
2052 -31.0000000000
2087 -30.0000000000
2127 -28.0000000000
2148 -25.0000000000
2228 -24.0000000000
2250 -22.0000000000
2413 -21.0000000000
2445 -20.0000000000
2467 -18.0000000000
2570 -17.0000000000
2615 -16.0000000000
2685 -15.0000000000
2729 -14.0000000000
2755 -13.0000000000
2850 -11.0000000000
2951 -10.0000000000
2985 -9.0000000000
3008 -8.0000000000
3150 -7.0000000000
3189 -6.0000000000
3254 -5.0000000000
3321 -4.0000000000
3364 -3.0000000000
3475 -2.0000000000
3528 -1.0000000000
3570 378.0000000000
3639 384.0000000000
3659 385.0000000000
3690 386.0000000000
3698 387.0000000000
3713 391.0000000000
3847 393.0000000000
4004 394.0000000000
4008 395.0000000000
4023 396.0000000000
4126 400.0000000000
4263 403.0000000000
4604 404.0000000000
4706 411.0000000000
5007 412.0000000000
5075 415.0000000000
5151 416.0000000000
6766 421.0000000000
12660 424.0000000000
21165 425.0000000000
27770 426.0000000000
34549 427.0000000000
43592 429.0000000000
100000 429.0000000000
evaluations raw_y
1 -195.0000000000
8 -188.0000000000
29 -186.0000000000
49 -183.0000000000
67 -177.0000000000
77 -175.0000000000
82 -171.0000000000
123 -170.0000000000
126 -162.0000000000
169 -161.0000000000
211 -160.0000000000
214 -157.0000000000
215 -156.0000000000
224 -155.0000000000
237 -152.0000000000
262 -149.0000000000
293 -147.0000000000
306 -139.0000000000
367 -138.0000000000
376 -135.0000000000
385 -131.0000000000
449 -129.0000000000
461 -124.0000000000
498 -121.0000000000
521 -118.0000000000
565 -116.0000000000
594 -114.0000000000
633 -110.0000000000
673 -109.0000000000
705 -108.0000000000
708 -105.0000000000
732 -101.0000000000
753 -100.0000000000
793 -98.0000000000
798 -97.0000000000
806 -94.0000000000
867 -93.0000000000
893 -92.0000000000
902 -91.0000000000
950 -89.0000000000
965 -88.0000000000
1000 -87.0000000000
1014 -85.0000000000
1021 -84.0000000000
1070 -82.0000000000
1105 -81.0000000000
1132 -79.0000000000
1163 -78.0000000000
1199 -77.0000000000
1225 -76.0000000000
1243 -75.0000000000
1269 -74.0000000000
1281 -73.0000000000
1306 -72.0000000000
1309 -70.0000000000
1342 -69.0000000000
1343 -68.0000000000
1386 -67.0000000000
1409 -65.0000000000
1421 -62.0000000000
1460 -61.0000000000
1522 -60.0000000000
1543 -57.0000000000
1607 -56.0000000000
1618 -55.0000000000
1646 -54.0000000000
1690 -52.0000000000
1738 -49.0000000000
1804 -47.0000000000
1845 -46.0000000000
1864 -45.0000000000
1871 -44.0000000000
1890 -42.0000000000
1948 -41.0000000000
1986 -40.0000000000
2027 -39.0000000000
2071 -38.0000000000
2094 -37.0000000000
2117 -36.0000000000
2148 -34.0000000000
2166 -33.0000000000
2208 -31.0000000000
2245 -29.0000000000
2286 -28.0000000000
2325 -27.0000000000
2368 -26.0000000000
2385 -25.0000000000
2403 -24.0000000000
2471 -22.0000000000
2477 -21.0000000000
2549 -20.0000000000
2571 -19.0000000000
2630 -18.0000000000
2643 -17.0000000000
2670 -16.0000000000
2741 -15.0000000000
2825 -14.0000000000
2863 -13.0000000000
2950 -12.0000000000
2987 -11.0000000000
3213 -10.0000000000
3282 -9.0000000000
3384 -8.0000000000
3406 -7.0000000000
3576 -6.0000000000
3653 -5.0000000000
3697 -4.0000000000
3872 -3.0000000000
3995 -2.0000000000
4114 -1.0000000000
4252 409.0000000000
4268 412.0000000000
4286 413.0000000000
4332 419.0000000000
4395 420.0000000000
4436 422.0000000000
4534 423.0000000000
4698 424.0000000000
8180 426.0000000000
76276 427.0000000000
98746 430.0000000000
100000 -1.0000000000
evaluations raw_y
1 -212.0000000000
2 -211.0000000000
3 -203.0000000000
9 -197.0000000000
11 -185.0000000000
78 -178.0000000000
92 -173.0000000000
154 -172.0000000000
157 -168.0000000000
174 -162.0000000000
193 -161.0000000000
219 -157.0000000000
246 -154.0000000000
258 -150.0000000000
268 -149.0000000000
279 -148.0000000000
291 -145.0000000000
305 -141.0000000000
306 -139.0000000000
323 -138.0000000000
329 -135.0000000000
353 -134.0000000000
378 -129.0000000000
405 -127.0000000000
442 -123.0000000000
474 -122.0000000000
489 -115.0000000000
542 -114.0000000000
572 -112.0000000000
587 -110.0000000000
612 -108.0000000000
663 -105.0000000000
666 -104.0000000000
672 -101.0000000000
706 -100.0000000000
766 -99.0000000000
780 -98.0000000000
783 -97.0000000000
802 -95.0000000000
865 -93.0000000000
882 -92.0000000000
903 -89.0000000000
959 -86.0000000000
985 -85.0000000000
1015 -84.0000000000
1017 -82.0000000000
1060 -81.0000000000
1070 -79.0000000000
1078 -75.0000000000
1154 -74.0000000000
1191 -71.0000000000
1218 -69.0000000000
1276 -66.0000000000
1291 -65.0000000000
1316 -64.0000000000
1361 -63.0000000000
1384 -62.0000000000
1447 -59.0000000000
1483 -57.0000000000
1499 -56.0000000000
1535 -55.0000000000
1625 -54.0000000000
1650 -53.0000000000
1683 -50.0000000000
1767 -49.0000000000
1810 -48.0000000000
1811 -47.0000000000
1813 -46.0000000000
1828 -45.0000000000
1894 -44.0000000000
1931 -42.0000000000
1965 -41.0000000000
1985 -40.0000000000
2032 -39.0000000000
2063 -38.0000000000
2101 -36.0000000000
2150 -34.0000000000
2169 -33.0000000000
2209 -32.0000000000
2226 -30.0000000000
2311 -29.0000000000
2362 -26.0000000000
2404 -25.0000000000
2450 -23.0000000000
2509 -21.0000000000
2525 -20.0000000000
2586 -19.0000000000
2642 -18.0000000000
2707 -17.0000000000
2724 -16.0000000000
2787 -15.0000000000
2803 -14.0000000000
2861 -13.0000000000
2951 -12.0000000000
3022 -11.0000000000
3095 -10.0000000000
3186 -9.0000000000
3343 -8.0000000000
3484 -7.0000000000
3505 -6.0000000000
3591 -5.0000000000
3649 -4.0000000000
3691 -3.0000000000
3744 -2.0000000000
3818 394.0000000000
3881 397.0000000000
4019 398.0000000000
4116 402.0000000000
4117 404.0000000000
4319 406.0000000000
4527 408.0000000000
4998 410.0000000000
5221 414.0000000000
5615 416.0000000000
7323 418.0000000000
7433 421.0000000000
7708 422.0000000000
8170 423.0000000000
8331 424.0000000000
8347 427.0000000000
8817 430.0000000000
9508 433.0000000000
100000 -2.0000000000
evaluations raw_y
1 -210.0000000000
2 -206.0000000000
4 -197.0000000000
51 -184.0000000000
83 -176.0000000000
102 -174.0000000000
148 -172.0000000000
158 -171.0000000000
163 -169.0000000000
172 -168.0000000000
180 -167.0000000000
187 -165.0000000000
189 -159.0000000000
212 -154.0000000000
248 -151.0000000000
291 -147.0000000000
317 -146.0000000000
330 -137.0000000000
386 -131.0000000000
412 -130.0000000000
414 -128.0000000000
436 -126.0000000000
458 -125.0000000000
465 -122.0000000000
477 -121.0000000000
489 -120.0000000000
510 -119.0000000000
524 -117.0000000000
529 -111.0000000000
555 -110.0000000000
630 -108.0000000000
641 -107.0000000000
664 -106.0000000000
676 -104.0000000000
703 -101.0000000000
729 -99.0000000000
744 -96.0000000000
794 -95.0000000000
811 -94.0000000000
819 -93.0000000000
821 -92.0000000000
844 -90.0000000000
886 -87.0000000000
943 -86.0000000000
945 -85.0000000000
977 -83.0000000000
1012 -82.0000000000
1014 -80.0000000000
1042 -79.0000000000
1063 -78.0000000000
1097 -77.0000000000
1124 -76.0000000000
1128 -75.0000000000
1134 -74.0000000000
1183 -73.0000000000
1229 -71.0000000000
1286 -69.0000000000
1302 -68.0000000000
1331 -67.0000000000
1370 -66.0000000000
1382 -64.0000000000
1422 -62.0000000000
1483 -61.0000000000
1510 -60.0000000000
1559 -59.0000000000
1601 -56.0000000000
1700 -53.0000000000
1712 -51.0000000000
1763 -50.0000000000
1775 -49.0000000000
1823 -47.0000000000
1886 -45.0000000000
1964 -43.0000000000
1995 -42.0000000000
2036 -41.0000000000
2090 -39.0000000000
2136 -35.0000000000
2238 -34.0000000000
2259 -33.0000000000
2298 -30.0000000000
2362 -28.0000000000
2429 -27.0000000000
2451 -26.0000000000
2481 -24.0000000000
2569 -22.0000000000
2643 -21.0000000000
2679 -20.0000000000
2759 -19.0000000000
2811 -18.0000000000
2911 -17.0000000000
2926 -16.0000000000
3027 -15.0000000000
3078 -14.0000000000
3174 -13.0000000000
3185 -12.0000000000
3297 -11.0000000000
3377 -10.0000000000
3389 -9.0000000000
3424 -8.0000000000
3515 -6.0000000000
3651 -5.0000000000
3654 -4.0000000000
3746 -3.0000000000
3851 -2.0000000000
3947 -1.0000000000
4091 413.0000000000
4447 414.0000000000
4712 417.0000000000
5006 418.0000000000
6005 419.0000000000
7052 420.0000000000
16437 423.0000000000
18933 427.0000000000
24338 428.0000000000
26912 429.0000000000
44903 430.0000000000
92051 431.0000000000
100000 -2.0000000000
evaluations raw_y
1 -203.0000000000
3 -195.0000000000
10 -180.0000000000
109 -176.0000000000
129 -174.0000000000
137 -173.0000000000
172 -172.0000000000
173 -169.0000000000
186 -164.0000000000
197 -158.0000000000
248 -155.0000000000
252 -153.0000000000
267 -146.0000000000
308 -142.0000000000
327 -141.0000000000
345 -138.0000000000
391 -137.0000000000
392 -133.0000000000
404 -129.0000000000
431 -126.0000000000
447 -123.0000000000
484 -122.0000000000
491 -121.0000000000
503 -119.0000000000
504 -115.0000000000
544 -114.0000000000
547 -113.0000000000
570 -109.0000000000
608 -108.0000000000
615 -107.0000000000
617 -103.0000000000
644 -102.0000000000
652 -101.0000000000
674 -98.0000000000
701 -96.0000000000
740 -95.0000000000
746 -94.0000000000
770 -92.0000000000
785 -91.0000000000
802 -90.0000000000
807 -89.0000000000
820 -88.0000000000
847 -87.0000000000
857 -82.0000000000
907 -80.0000000000
976 -79.0000000000
979 -78.0000000000
1019 -77.0000000000
1028 -73.0000000000
1095 -72.0000000000
1115 -71.0000000000
1151 -70.0000000000
1173 -69.0000000000
1219 -64.0000000000
1306 -63.0000000000
1338 -62.0000000000
1379 -61.0000000000
1417 -59.0000000000
1461 -57.0000000000
1506 -56.0000000000
1538 -55.0000000000
1546 -54.0000000000
1587 -52.0000000000
1634 -51.0000000000
1644 -50.0000000000
1666 -49.0000000000
1713 -48.0000000000
1757 -47.0000000000
1781 -46.0000000000
1803 -45.0000000000
1852 -44.0000000000
1900 -43.0000000000
1901 -42.0000000000
1923 -40.0000000000
2044 -38.0000000000
2096 -37.0000000000
2123 -36.0000000000
2138 -35.0000000000
2183 -34.0000000000
2242 -33.0000000000
2293 -32.0000000000
2306 -31.0000000000
2356 -30.0000000000
2390 -29.0000000000
2424 -28.0000000000
2430 -27.0000000000
2452 -26.0000000000
2499 -25.0000000000
2541 -24.0000000000
2604 -23.0000000000
2666 -22.0000000000
2679 -21.0000000000
2753 -20.0000000000
2778 -19.0000000000
2877 -18.0000000000
2884 -17.0000000000
2948 -15.0000000000
3003 -14.0000000000
3020 -13.0000000000
3034 -11.0000000000
3157 -10.0000000000
3183 -9.0000000000
3279 -8.0000000000
3313 -7.0000000000
3413 -6.0000000000
3452 -5.0000000000
3501 -4.0000000000
3602 -3.0000000000
3689 -2.0000000000
3742 -1.0000000000
3811 387.0000000000
3971 391.0000000000
4107 392.0000000000
4266 395.0000000000
4386 396.0000000000
4624 399.0000000000
4711 402.0000000000
4837 405.0000000000
5268 407.0000000000
5346 408.0000000000
5599 413.0000000000
5626 415.0000000000
5827 416.0000000000
5975 417.0000000000
6607 423.0000000000
8700 424.0000000000
8952 426.0000000000
9077 428.0000000000
19408 429.0000000000
44341 431.0000000000
45119 432.0000000000
56890 434.0000000000
58930 436.0000000000
59227 437.0000000000
100000 -1.0000000000
evaluations raw_y
1 -204.0000000000
2 -200.0000000000
13 -198.0000000000
22 -194.0000000000
23 -192.0000000000
55 -191.0000000000
70 -187.0000000000
82 -181.0000000000
128 -179.0000000000
140 -178.0000000000
156 -174.0000000000
163 -170.0000000000
177 -169.0000000000
178 -167.0000000000
198 -156.0000000000
220 -153.0000000000
289 -148.0000000000
301 -141.0000000000
329 -136.0000000000
343 -133.0000000000
347 -132.0000000000
370 -127.0000000000
393 -126.0000000000
401 -123.0000000000
423 -121.0000000000
445 -120.0000000000
448 -119.0000000000
459 -118.0000000000
461 -114.0000000000
472 -113.0000000000
502 -111.0000000000
504 -109.0000000000
510 -108.0000000000
536 -107.0000000000
539 -105.0000000000
549 -99.0000000000
594 -98.0000000000
613 -94.0000000000
669 -93.0000000000
670 -89.0000000000
693 -87.0000000000
726 -86.0000000000
756 -85.0000000000
773 -84.0000000000
776 -83.0000000000
784 -81.0000000000
824 -77.0000000000
853 -76.0000000000
873 -74.0000000000
905 -73.0000000000
937 -71.0000000000
943 -70.0000000000
1004 -69.0000000000
1012 -67.0000000000
1043 -66.0000000000
1052 -65.0000000000
1107 -64.0000000000
1108 -62.0000000000
1149 -61.0000000000
1183 -58.0000000000
1225 -56.0000000000
1268 -54.0000000000
1336 -53.0000000000
1358 -52.0000000000
1366 -50.0000000000
1424 -49.0000000000
1470 -46.0000000000
1494 -45.0000000000
1541 -44.0000000000
1562 -43.0000000000
1586 -42.0000000000
1637 -41.0000000000
1696 -40.0000000000
1726 -39.0000000000
1744 -37.0000000000
1770 -36.0000000000
1804 -34.0000000000
1829 -32.0000000000
1941 -31.0000000000
1958 -30.0000000000
1989 -29.0000000000
2040 -27.0000000000
2073 -26.0000000000
2130 -25.0000000000
2219 -23.0000000000
2263 -22.0000000000
2329 -21.0000000000
2372 -20.0000000000
2413 -19.0000000000
2499 -18.0000000000
2533 -17.0000000000
2544 -16.0000000000
2627 -15.0000000000
2650 -14.0000000000
2661 -13.0000000000
2733 -12.0000000000
2822 -11.0000000000
2833 -10.0000000000
2927 -9.0000000000
2980 -8.0000000000
3050 -7.0000000000
3121 -6.0000000000
3172 -4.0000000000
3261 -3.0000000000
3500 -2.0000000000
3640 -1.0000000000
3778 388.0000000000
4066 389.0000000000
4387 390.0000000000
4393 392.0000000000
4486 394.0000000000
4502 395.0000000000
4618 399.0000000000
4945 404.0000000000
5143 406.0000000000
5188 412.0000000000
6032 413.0000000000
6877 414.0000000000
6938 415.0000000000
7032 417.0000000000
7283 418.0000000000
8053 420.0000000000
8189 421.0000000000
9247 424.0000000000
13693 426.0000000000
20729 429.0000000000
23596 430.0000000000
48893 431.0000000000
50385 433.0000000000
100000 -3.0000000000
evaluations raw_y
1 -192.0000000000
25 -189.0000000000
72 -187.0000000000
81 -175.0000000000
104 -173.0000000000
149 -165.0000000000
186 -158.0000000000
241 -150.0000000000
251 -149.0000000000
262 -142.0000000000
284 -140.0000000000
340 -137.0000000000
341 -133.0000000000
361 -132.0000000000
386 -130.0000000000
407 -124.0000000000
428 -123.0000000000
435 -121.0000000000
472 -119.0000000000
491 -117.0000000000
504 -115.0000000000
513 -112.0000000000
587 -108.0000000000
631 -107.0000000000
642 -106.0000000000
655 -105.0000000000
667 -103.0000000000
684 -101.0000000000
714 -100.0000000000
730 -99.0000000000
743 -98.0000000000
747 -97.0000000000
765 -90.0000000000
831 -89.0000000000
863 -86.0000000000
909 -84.0000000000
942 -82.0000000000
950 -77.0000000000
1043 -74.0000000000
1126 -73.0000000000
1136 -70.0000000000
1177 -69.0000000000
1210 -68.0000000000
1247 -66.0000000000
1261 -64.0000000000
1288 -62.0000000000
1322 -60.0000000000
1365 -59.0000000000
1384 -58.0000000000
1388 -57.0000000000
1462 -55.0000000000
1547 -54.0000000000
1558 -51.0000000000
1617 -50.0000000000
1680 -49.0000000000
1703 -48.0000000000
1725 -45.0000000000
1766 -44.0000000000
1802 -43.0000000000
1833 -42.0000000000
1923 -39.0000000000
1970 -38.0000000000
1982 -37.0000000000
2033 -36.0000000000
2058 -35.0000000000
2067 -34.0000000000
2123 -33.0000000000
2157 -32.0000000000
2228 -31.0000000000
2239 -30.0000000000
2272 -29.0000000000
2349 -28.0000000000
2408 -27.0000000000
2412 -25.0000000000
2528 -24.0000000000
2557 -23.0000000000
2581 -22.0000000000
2646 -21.0000000000
2711 -20.0000000000
2755 -19.0000000000
2799 -18.0000000000
2821 -17.0000000000
2901 -15.0000000000
2928 -14.0000000000
3015 -13.0000000000
3041 -12.0000000000
3102 -11.0000000000
3146 -10.0000000000
3174 -9.0000000000
3326 -8.0000000000
3459 -7.0000000000
3522 -6.0000000000
3601 -5.0000000000
3607 -4.0000000000
3769 -3.0000000000
3923 -2.0000000000
4005 -1.0000000000
4026 390.0000000000
4256 391.0000000000
4266 395.0000000000
4730 397.0000000000
4886 398.0000000000
4914 401.0000000000
5152 402.0000000000
5208 409.0000000000
5730 410.0000000000
6152 411.0000000000
6154 414.0000000000
6513 415.0000000000
6514 419.0000000000
6701 420.0000000000
6748 422.0000000000
7035 423.0000000000
7585 425.0000000000
7834 427.0000000000
73991 428.0000000000
82369 429.0000000000
87678 430.0000000000
87818 433.0000000000
91349 437.0000000000
100000 -1.0000000000
evaluations raw_y
1 -207.0000000000
2 -192.0000000000
19 -191.0000000000
65 -188.0000000000
79 -185.0000000000
88 -175.0000000000
135 -169.0000000000
188 -165.0000000000
198 -163.0000000000
205 -162.0000000000
223 -159.0000000000
230 -158.0000000000
243 -151.0000000000
270 -147.0000000000
311 -146.0000000000
339 -145.0000000000
356 -141.0000000000
360 -138.0000000000
395 -137.0000000000
401 -131.0000000000
446 -127.0000000000
462 -123.0000000000
520 -121.0000000000
545 -120.0000000000
546 -119.0000000000
563 -117.0000000000
574 -116.0000000000
581 -110.0000000000
623 -109.0000000000
624 -107.0000000000
664 -106.0000000000
673 -105.0000000000
687 -102.0000000000
721 -100.0000000000
725 -99.0000000000
728 -97.0000000000
779 -96.0000000000
790 -95.0000000000
821 -91.0000000000
859 -90.0000000000
883 -88.0000000000
900 -87.0000000000
920 -85.0000000000
944 -84.0000000000
958 -83.0000000000
963 -82.0000000000
975 -81.0000000000
995 -79.0000000000
996 -78.0000000000
1042 -76.0000000000
1061 -73.0000000000
1134 -72.0000000000
1141 -71.0000000000
1149 -69.0000000000
1185 -68.0000000000
1231 -67.0000000000
1244 -65.0000000000
1280 -63.0000000000
1347 -60.0000000000
1396 -56.0000000000
1473 -54.0000000000
1522 -53.0000000000
1544 -52.0000000000
1582 -51.0000000000
1593 -50.0000000000
1603 -49.0000000000
1632 -46.0000000000
1691 -45.0000000000
1707 -44.0000000000
1748 -42.0000000000
1789 -41.0000000000
1824 -40.0000000000
1872 -39.0000000000
1885 -38.0000000000
1891 -37.0000000000
1951 -36.0000000000
1974 -35.0000000000
2001 -34.0000000000
2051 -32.0000000000
2103 -31.0000000000
2187 -30.0000000000
2243 -28.0000000000
2320 -27.0000000000
2333 -26.0000000000
2403 -25.0000000000
2406 -24.0000000000
2461 -23.0000000000
2534 -22.0000000000
2542 -21.0000000000
2605 -19.0000000000
2717 -18.0000000000
2751 -15.0000000000
2850 -14.0000000000
2961 -12.0000000000
3042 -10.0000000000
3115 -9.0000000000
3158 -8.0000000000
3206 -7.0000000000
3256 -6.0000000000
3330 -5.0000000000
3366 -4.0000000000
3424 -3.0000000000
3427 -2.0000000000
3714 -1.0000000000
3794 396.0000000000
3857 402.0000000000
4364 409.0000000000
4731 414.0000000000
4829 420.0000000000
12684 422.0000000000
13988 423.0000000000
20036 424.0000000000
23172 425.0000000000
23726 427.0000000000
24173 428.0000000000
24417 429.0000000000
36211 430.0000000000
54558 431.0000000000
57407 433.0000000000
100000 -3.0000000000
evaluations raw_y
1 -201.0000000000
3 -196.0000000000
40 -193.0000000000
64 -191.0000000000
80 -189.0000000000
82 -187.0000000000
84 -182.0000000000
95 -177.0000000000
122 -174.0000000000
135 -167.0000000000
148 -166.0000000000
166 -164.0000000000
183 -161.0000000000
191 -152.0000000000
226 -151.0000000000
228 -148.0000000000
247 -147.0000000000
277 -141.0000000000
325 -135.0000000000
367 -132.0000000000
401 -124.0000000000
443 -122.0000000000
484 -117.0000000000
523 -111.0000000000
576 -109.0000000000
581 -107.0000000000
621 -102.0000000000
644 -101.0000000000
695 -100.0000000000
698 -99.0000000000
700 -97.0000000000
730 -93.0000000000
769 -90.0000000000
784 -88.0000000000
811 -87.0000000000
831 -82.0000000000
872 -80.0000000000
924 -79.0000000000
936 -78.0000000000
998 -75.0000000000
1047 -74.0000000000
1063 -73.0000000000
1066 -70.0000000000
1102 -69.0000000000
1144 -68.0000000000
1166 -66.0000000000
1214 -65.0000000000
1245 -63.0000000000
1294 -62.0000000000
1322 -60.0000000000
1333 -59.0000000000
1345 -58.0000000000
1385 -57.0000000000
1400 -56.0000000000
1440 -55.0000000000
1444 -52.0000000000
1495 -51.0000000000
1501 -50.0000000000
1526 -49.0000000000
1541 -48.0000000000
1594 -46.0000000000
1644 -44.0000000000
1681 -43.0000000000
1704 -41.0000000000
1722 -40.0000000000
1765 -39.0000000000
1802 -38.0000000000
1825 -37.0000000000
1849 -36.0000000000
1867 -35.0000000000
1890 -34.0000000000
1905 -33.0000000000
1937 -31.0000000000
1999 -30.0000000000
2075 -29.0000000000
2109 -28.0000000000
2112 -27.0000000000
2208 -25.0000000000
2269 -24.0000000000
2295 -23.0000000000
2354 -22.0000000000
2386 -21.0000000000
2413 -20.0000000000
2473 -19.0000000000
2546 -17.0000000000
2600 -16.0000000000
2629 -15.0000000000
2665 -14.0000000000
2713 -13.0000000000
2744 -12.0000000000
2846 -10.0000000000
2990 -9.0000000000
3072 -8.0000000000
3129 -7.0000000000
3274 -6.0000000000
3287 -5.0000000000
3362 -4.0000000000
3421 -3.0000000000
3493 -2.0000000000
3574 -1.0000000000
3621 408.0000000000
3750 409.0000000000
3807 410.0000000000
4317 411.0000000000
4458 412.0000000000
4517 418.0000000000
5580 420.0000000000
5732 425.0000000000
8917 427.0000000000
9292 428.0000000000
10557 429.0000000000
11015 432.0000000000
11493 433.0000000000
25341 436.0000000000
62409 437.0000000000
66859 439.0000000000
100000 439.0000000000
evaluations raw_y
1 -226.0000000000
2 -205.0000000000
11 -200.0000000000
51 -198.0000000000
63 -192.0000000000
80 -191.0000000000
91 -182.0000000000
101 -179.0000000000
126 -178.0000000000
141 -175.0000000000
142 -173.0000000000
168 -167.0000000000
182 -163.0000000000
260 -162.0000000000
265 -161.0000000000
276 -160.0000000000
283 -155.0000000000
292 -154.0000000000
298 -153.0000000000
301 -149.0000000000
341 -140.0000000000
366 -138.0000000000
374 -133.0000000000
417 -132.0000000000
440 -131.0000000000
458 -129.0000000000
460 -128.0000000000
481 -125.0000000000
486 -123.0000000000
488 -122.0000000000
523 -120.0000000000
534 -119.0000000000
547 -118.0000000000
550 -116.0000000000
560 -114.0000000000
579 -112.0000000000
594 -109.0000000000
634 -108.0000000000
649 -107.0000000000
667 -106.0000000000
686 -101.0000000000
736 -100.0000000000
744 -97.0000000000
774 -95.0000000000
803 -93.0000000000
828 -91.0000000000
873 -88.0000000000
919 -87.0000000000
921 -86.0000000000
926 -85.0000000000
946 -83.0000000000
970 -82.0000000000
1023 -79.0000000000
1080 -78.0000000000
1082 -76.0000000000
1138 -75.0000000000
1162 -72.0000000000
1237 -71.0000000000
1242 -66.0000000000
1301 -62.0000000000
1397 -61.0000000000
1448 -59.0000000000
1514 -57.0000000000
1567 -56.0000000000
1584 -55.0000000000
1606 -54.0000000000
1637 -52.0000000000
1702 -50.0000000000
1725 -49.0000000000
1767 -48.0000000000
1782 -47.0000000000
1859 -46.0000000000
1889 -45.0000000000
1933 -44.0000000000
1989 -43.0000000000
2014 -42.0000000000
2064 -41.0000000000
2077 -40.0000000000
2104 -38.0000000000
2138 -37.0000000000
2209 -36.0000000000
2231 -35.0000000000
2301 -34.0000000000
2349 -33.0000000000
2421 -32.0000000000
2484 -31.0000000000
2491 -30.0000000000
2565 -29.0000000000
2567 -28.0000000000
2598 -27.0000000000
2617 -26.0000000000
2665 -24.0000000000
2688 -23.0000000000
2699 -22.0000000000
2766 -21.0000000000
2810 -20.0000000000
2890 -19.0000000000
2918 -18.0000000000
2927 -17.0000000000
2971 -16.0000000000
2985 -15.0000000000
3033 -14.0000000000
3054 -13.0000000000
3103 -12.0000000000
3126 -11.0000000000
3214 -10.0000000000
3228 -9.0000000000
3247 -8.0000000000
3369 -7.0000000000
3420 -6.0000000000
3461 -5.0000000000
3520 -4.0000000000
3545 -3.0000000000
3641 -2.0000000000
3673 -1.0000000000
3780 381.0000000000
3845 386.0000000000
3889 388.0000000000
3920 396.0000000000
4439 399.0000000000
4707 400.0000000000
4746 402.0000000000
4933 404.0000000000
4988 406.0000000000
5006 408.0000000000
5408 410.0000000000
5586 414.0000000000
6018 418.0000000000
6305 420.0000000000
6462 422.0000000000
7223 423.0000000000
7599 425.0000000000
10889 426.0000000000
11531 427.0000000000
14395 429.0000000000
14501 430.0000000000
74756 431.0000000000
100000 431.0000000000
evaluations raw_y
1 -213.0000000000
3 -208.0000000000
18 -207.0000000000
19 -206.0000000000
20 -203.0000000000
28 -201.0000000000
43 -194.0000000000
53 -188.0000000000
89 -182.0000000000
126 -180.0000000000
137 -173.0000000000
179 -163.0000000000
227 -162.0000000000
243 -160.0000000000
265 -158.0000000000
302 -151.0000000000
346 -147.0000000000
356 -146.0000000000
360 -140.0000000000
421 -139.0000000000
433 -134.0000000000
457 -133.0000000000
460 -132.0000000000
468 -131.0000000000
475 -129.0000000000
510 -128.0000000000
529 -127.0000000000
539 -124.0000000000
541 -123.0000000000
572 -121.0000000000
620 -119.0000000000
631 -112.0000000000
707 -110.0000000000
716 -108.0000000000
725 -104.0000000000
801 -99.0000000000
849 -98.0000000000
878 -97.0000000000
894 -95.0000000000
922 -94.0000000000
941 -93.0000000000
955 -92.0000000000
974 -91.0000000000
1015 -90.0000000000
1027 -88.0000000000
1062 -87.0000000000
1098 -86.0000000000
1101 -85.0000000000
1124 -84.0000000000
1151 -83.0000000000
1186 -81.0000000000
1227 -80.0000000000
1231 -79.0000000000
1249 -78.0000000000
1263 -76.0000000000
1298 -75.0000000000
1305 -73.0000000000
1351 -72.0000000000
1370 -71.0000000000
1383 -69.0000000000
1449 -68.0000000000
1461 -67.0000000000
1474 -66.0000000000
1502 -65.0000000000
1519 -63.0000000000
1520 -62.0000000000
1563 -61.0000000000
1596 -60.0000000000
1628 -58.0000000000
1672 -57.0000000000
1681 -55.0000000000
1723 -54.0000000000
1725 -53.0000000000
1762 -51.0000000000
1799 -49.0000000000
1858 -48.0000000000
1888 -47.0000000000
1922 -46.0000000000
1949 -45.0000000000
1950 -44.0000000000
2021 -43.0000000000
2042 -42.0000000000
2095 -41.0000000000
2107 -40.0000000000
2140 -39.0000000000
2188 -38.0000000000
2227 -37.0000000000
2302 -36.0000000000
2326 -35.0000000000
2365 -34.0000000000
2380 -33.0000000000
2434 -32.0000000000
2471 -31.0000000000
2514 -30.0000000000
2533 -29.0000000000
2554 -28.0000000000
2578 -27.0000000000
2618 -26.0000000000
2720 -25.0000000000
2733 -24.0000000000
2739 -23.0000000000
2770 -22.0000000000
2823 -21.0000000000
2870 -20.0000000000
2906 -19.0000000000
2916 -18.0000000000
2963 -17.0000000000
2989 -16.0000000000
3009 -15.0000000000
3041 -14.0000000000
3099 -13.0000000000
3130 -12.0000000000
3173 -11.0000000000
3209 -10.0000000000
3315 -9.0000000000
3382 -8.0000000000
3451 -7.0000000000
3490 -6.0000000000
3591 -5.0000000000
3646 -4.0000000000
3690 -3.0000000000
3722 -2.0000000000
3807 -1.0000000000
3957 377.0000000000
3964 388.0000000000
4029 402.0000000000
4230 404.0000000000
4298 406.0000000000
4411 407.0000000000
4548 411.0000000000
4782 415.0000000000
4855 416.0000000000
5367 417.0000000000
5494 418.0000000000
5534 419.0000000000
6342 421.0000000000
6408 422.0000000000
6420 424.0000000000
6559 426.0000000000
6803 427.0000000000
6824 429.0000000000
7628 431.0000000000
9225 433.0000000000
11388 434.0000000000
23293 435.0000000000
100000 -2.0000000000
evaluations raw_y
1 -218.0000000000
2 -205.0000000000
12 -204.0000000000
13 -201.0000000000
47 -196.0000000000
69 -179.0000000000
83 -175.0000000000
99 -170.0000000000
174 -164.0000000000
215 -160.0000000000
250 -158.0000000000
260 -152.0000000000
293 -149.0000000000
321 -146.0000000000
336 -145.0000000000
344 -134.0000000000
388 -132.0000000000
416 -129.0000000000
418 -128.0000000000
425 -126.0000000000
462 -122.0000000000
523 -121.0000000000
526 -118.0000000000
542 -117.0000000000
552 -116.0000000000
567 -114.0000000000
570 -113.0000000000
583 -112.0000000000
603 -110.0000000000
623 -108.0000000000
646 -105.0000000000
675 -103.0000000000
684 -102.0000000000
695 -101.0000000000
703 -99.0000000000
747 -97.0000000000
765 -95.0000000000
806 -91.0000000000
841 -88.0000000000
888 -86.0000000000
950 -85.0000000000
963 -84.0000000000
966 -83.0000000000
988 -81.0000000000
1036 -79.0000000000
1055 -78.0000000000
1096 -77.0000000000
1117 -75.0000000000
1128 -74.0000000000
1188 -72.0000000000
1248 -69.0000000000
1298 -68.0000000000
1315 -67.0000000000
1324 -64.0000000000
1391 -62.0000000000
1439 -61.0000000000
1501 -60.0000000000
1508 -58.0000000000
1562 -56.0000000000
1580 -54.0000000000
1642 -52.0000000000
1692 -51.0000000000
1725 -49.0000000000
1774 -48.0000000000
1814 -47.0000000000
1824 -46.0000000000
1866 -45.0000000000
1897 -44.0000000000
1918 -43.0000000000
1924 -42.0000000000
2002 -41.0000000000
2015 -38.0000000000
2100 -36.0000000000
2161 -34.0000000000
2257 -33.0000000000
2269 -32.0000000000
2311 -31.0000000000
2338 -30.0000000000
2390 -29.0000000000
2403 -28.0000000000
2429 -26.0000000000
2481 -25.0000000000
2494 -24.0000000000
2531 -23.0000000000
2646 -22.0000000000
2681 -21.0000000000
2821 -20.0000000000
2876 -18.0000000000
2967 -17.0000000000
2979 -16.0000000000
2989 -15.0000000000
3037 -14.0000000000
3085 -13.0000000000
3090 -11.0000000000
3190 -10.0000000000
3268 -9.0000000000
3316 -8.0000000000
3380 -7.0000000000
3401 -6.0000000000
3549 -5.0000000000
3562 -3.0000000000
3630 -2.0000000000
3741 -1.0000000000
3838 382.0000000000
3890 384.0000000000
3991 385.0000000000
4092 388.0000000000
4199 390.0000000000
4209 396.0000000000
5146 404.0000000000
5276 405.0000000000
5899 408.0000000000
6076 410.0000000000
6312 412.0000000000
6342 414.0000000000
6426 415.0000000000
6431 416.0000000000
6659 420.0000000000
7186 422.0000000000
7418 423.0000000000
7621 424.0000000000
8638 426.0000000000
11782 430.0000000000
62208 432.0000000000
66825 433.0000000000
100000 422.0000000000
evaluations raw_y
1 -210.0000000000
2 -199.0000000000
4 -197.0000000000
11 -191.0000000000
45 -185.0000000000
83 -183.0000000000
91 -182.0000000000
115 -179.0000000000
121 -175.0000000000
159 -169.0000000000
178 -168.0000000000
204 -167.0000000000
217 -165.0000000000
238 -163.0000000000
241 -161.0000000000
243 -159.0000000000
262 -155.0000000000
289 -153.0000000000
291 -151.0000000000
308 -148.0000000000
315 -143.0000000000
353 -142.0000000000
371 -141.0000000000
376 -136.0000000000
404 -134.0000000000
412 -132.0000000000
414 -126.0000000000
485 -121.0000000000
504 -120.0000000000
532 -119.0000000000
554 -116.0000000000
558 -115.0000000000
566 -113.0000000000
581 -107.0000000000
663 -106.0000000000
677 -103.0000000000
693 -101.0000000000
719 -100.0000000000
724 -99.0000000000
727 -97.0000000000
750 -96.0000000000
760 -95.0000000000
802 -93.0000000000
831 -92.0000000000
842 -90.0000000000
873 -87.0000000000
889 -85.0000000000
916 -84.0000000000
947 -79.0000000000
1010 -78.0000000000
1037 -75.0000000000
1062 -74.0000000000
1091 -73.0000000000
1128 -69.0000000000
1151 -67.0000000000
1162 -66.0000000000
1179 -65.0000000000
1205 -64.0000000000
1226 -63.0000000000
1237 -61.0000000000
1302 -60.0000000000
1315 -59.0000000000
1347 -58.0000000000
1356 -56.0000000000
1377 -55.0000000000
1397 -53.0000000000
1448 -50.0000000000
1490 -49.0000000000
1501 -48.0000000000
1549 -47.0000000000
1561 -45.0000000000
1623 -44.0000000000
1634 -42.0000000000
1694 -41.0000000000
1706 -40.0000000000
1748 -38.0000000000
1753 -37.0000000000
1811 -36.0000000000
1826 -35.0000000000
1847 -34.0000000000
1882 -33.0000000000
1884 -32.0000000000
1966 -31.0000000000
1996 -30.0000000000
2003 -29.0000000000
2082 -28.0000000000
2092 -27.0000000000
2102 -25.0000000000
2169 -24.0000000000
2214 -23.0000000000
2282 -22.0000000000
2286 -21.0000000000
2368 -20.0000000000
2381 -18.0000000000
2472 -16.0000000000
2487 -15.0000000000
2554 -14.0000000000
2601 -13.0000000000
2616 -12.0000000000
2660 -11.0000000000
2674 -10.0000000000
2702 -9.0000000000
2740 -8.0000000000
2911 -7.0000000000
2945 -6.0000000000
2993 -5.0000000000
3199 -3.0000000000
3336 -2.0000000000
3384 -1.0000000000
3463 383.0000000000
3475 393.0000000000
3709 400.0000000000
3963 407.0000000000
4163 409.0000000000
4224 410.0000000000
4287 413.0000000000
4426 416.0000000000
4753 419.0000000000
5117 421.0000000000
5272 426.0000000000
5562 428.0000000000
13217 429.0000000000
17741 431.0000000000
18367 432.0000000000
58609 433.0000000000
81100 435.0000000000
100000 435.0000000000
evaluations raw_y
1 -209.0000000000
6 -202.0000000000
34 -201.0000000000
44 -193.0000000000
50 -192.0000000000
71 -190.0000000000
105 -188.0000000000
112 -182.0000000000
117 -178.0000000000
129 -174.0000000000
143 -173.0000000000
164 -171.0000000000
171 -167.0000000000
225 -164.0000000000
226 -156.0000000000
266 -155.0000000000
276 -147.0000000000
302 -145.0000000000
308 -144.0000000000
328 -142.0000000000
348 -137.0000000000
373 -135.0000000000
381 -134.0000000000
402 -133.0000000000
403 -132.0000000000
422 -131.0000000000
423 -125.0000000000
442 -123.0000000000
463 -121.0000000000
488 -118.0000000000
547 -116.0000000000
569 -113.0000000000
571 -111.0000000000
645 -110.0000000000
670 -108.0000000000
694 -105.0000000000
752 -102.0000000000
766 -100.0000000000
800 -99.0000000000
802 -98.0000000000
806 -96.0000000000
861 -93.0000000000
893 -91.0000000000
924 -90.0000000000
929 -88.0000000000
994 -87.0000000000
1006 -85.0000000000
1022 -84.0000000000
1057 -82.0000000000
1078 -80.0000000000
1114 -79.0000000000
1141 -78.0000000000
1164 -74.0000000000
1186 -73.0000000000
1214 -72.0000000000
1288 -71.0000000000
1289 -69.0000000000
1313 -68.0000000000
1337 -67.0000000000
1392 -66.0000000000
1409 -65.0000000000
1426 -64.0000000000
1483 -63.0000000000
1503 -61.0000000000
1567 -60.0000000000
1624 -58.0000000000
1673 -57.0000000000
1684 -56.0000000000
1703 -55.0000000000
1707 -54.0000000000
1742 -53.0000000000
1771 -52.0000000000
1798 -51.0000000000
1834 -50.0000000000
1850 -49.0000000000
1866 -47.0000000000
1923 -46.0000000000
1974 -45.0000000000
1986 -44.0000000000
2014 -43.0000000000
2046 -42.0000000000
2049 -41.0000000000
2085 -40.0000000000
2104 -39.0000000000
2121 -38.0000000000
2153 -37.0000000000
2172 -36.0000000000
2195 -35.0000000000
2253 -34.0000000000
2282 -33.0000000000
2305 -32.0000000000
2307 -31.0000000000
2371 -30.0000000000
2388 -27.0000000000
2461 -25.0000000000
2515 -24.0000000000
2531 -23.0000000000
2535 -22.0000000000
2604 -21.0000000000
2642 -20.0000000000
2646 -19.0000000000
2653 -18.0000000000
2680 -17.0000000000
2749 -16.0000000000
2845 -15.0000000000
2855 -14.0000000000
2929 -13.0000000000
2961 -12.0000000000
3115 -11.0000000000
3138 -10.0000000000
3193 -9.0000000000
3317 -8.0000000000
3366 -7.0000000000
3391 -6.0000000000
3412 -4.0000000000
3511 -3.0000000000
3517 -2.0000000000
3628 -1.0000000000
3711 372.0000000000
3739 383.0000000000
3838 390.0000000000
3858 391.0000000000
3892 393.0000000000
3938 401.0000000000
3966 403.0000000000
4166 405.0000000000
4350 406.0000000000
4641 407.0000000000
4665 409.0000000000
4671 410.0000000000
4762 412.0000000000
5073 413.0000000000
5093 414.0000000000
5390 416.0000000000
5597 417.0000000000
5687 419.0000000000
5787 424.0000000000
5895 425.0000000000
6006 426.0000000000
6321 429.0000000000
48985 431.0000000000
57072 433.0000000000
70792 435.0000000000
84721 436.0000000000
100000 436.0000000000
evaluations raw_y
1 -209.0000000000
2 -205.0000000000
3 -199.0000000000
8 -195.0000000000
51 -193.0000000000
56 -184.0000000000
119 -179.0000000000
135 -170.0000000000
144 -169.0000000000
151 -167.0000000000
164 -164.0000000000
178 -153.0000000000
228 -151.0000000000
241 -146.0000000000
256 -139.0000000000
336 -136.0000000000
361 -135.0000000000
363 -132.0000000000
364 -130.0000000000
389 -128.0000000000
395 -124.0000000000
447 -121.0000000000
454 -120.0000000000
516 -119.0000000000
523 -118.0000000000
527 -117.0000000000
550 -114.0000000000
561 -112.0000000000
620 -111.0000000000
621 -110.0000000000
629 -106.0000000000
648 -105.0000000000
705 -98.0000000000
777 -97.0000000000
783 -92.0000000000
829 -90.0000000000
870 -89.0000000000
890 -86.0000000000
939 -85.0000000000
964 -84.0000000000
969 -82.0000000000
1028 -81.0000000000
1043 -76.0000000000
1105 -74.0000000000
1154 -73.0000000000
1171 -72.0000000000
1193 -70.0000000000
1251 -69.0000000000
1264 -68.0000000000
1272 -67.0000000000
1318 -66.0000000000
1327 -64.0000000000
1348 -63.0000000000
1383 -62.0000000000
1421 -61.0000000000
1441 -55.0000000000
1531 -54.0000000000
1564 -53.0000000000
1593 -52.0000000000
1683 -51.0000000000
1693 -49.0000000000
1742 -48.0000000000
1762 -47.0000000000
1806 -45.0000000000
1900 -44.0000000000
1935 -43.0000000000
1942 -42.0000000000
1968 -41.0000000000
2030 -40.0000000000
2044 -39.0000000000
2050 -38.0000000000
2066 -37.0000000000
2122 -36.0000000000
2149 -35.0000000000
2190 -34.0000000000
2232 -33.0000000000
2239 -32.0000000000
2330 -31.0000000000
2372 -30.0000000000
2402 -29.0000000000
2480 -28.0000000000
2532 -26.0000000000
2611 -25.0000000000
2666 -24.0000000000
2750 -23.0000000000
2777 -22.0000000000
2800 -21.0000000000
2813 -20.0000000000
2915 -19.0000000000
2976 -17.0000000000
3090 -16.0000000000
3144 -15.0000000000
3146 -14.0000000000
3148 -13.0000000000
3214 -12.0000000000
3282 -11.0000000000
3329 -10.0000000000
3375 -9.0000000000
3464 -8.0000000000
3509 -7.0000000000
3563 -6.0000000000
3605 -5.0000000000
3729 -4.0000000000
3763 -3.0000000000
3844 -2.0000000000
3936 -1.0000000000
4010 386.0000000000
4097 392.0000000000
4282 398.0000000000
4412 404.0000000000
4493 405.0000000000
4553 406.0000000000
4560 407.0000000000
4594 414.0000000000
4764 417.0000000000
5026 421.0000000000
5163 422.0000000000
5536 425.0000000000
10708 426.0000000000
10806 428.0000000000
10937 429.0000000000
10982 432.0000000000
16648 434.0000000000
95106 435.0000000000
96893 437.0000000000
100000 437.0000000000
evaluations raw_y
1 -201.0000000000
18 -196.0000000000
46 -194.0000000000
59 -189.0000000000
67 -188.0000000000
79 -186.0000000000
97 -175.0000000000
141 -172.0000000000
153 -170.0000000000
159 -169.0000000000
161 -165.0000000000
175 -162.0000000000
200 -157.0000000000
230 -155.0000000000
248 -151.0000000000
250 -148.0000000000
276 -147.0000000000
282 -146.0000000000
304 -145.0000000000
306 -144.0000000000
309 -141.0000000000
322 -140.0000000000
329 -132.0000000000
369 -128.0000000000
385 -127.0000000000
396 -126.0000000000
402 -125.0000000000
406 -121.0000000000
416 -119.0000000000
433 -117.0000000000
442 -116.0000000000
465 -112.0000000000
511 -111.0000000000
513 -109.0000000000
519 -107.0000000000
521 -103.0000000000
572 -94.0000000000
648 -92.0000000000
651 -90.0000000000
703 -86.0000000000
762 -85.0000000000
781 -83.0000000000
805 -81.0000000000
842 -80.0000000000
843 -79.0000000000
906 -75.0000000000
943 -73.0000000000
955 -71.0000000000
989 -69.0000000000
1011 -68.0000000000
1047 -67.0000000000
1061 -65.0000000000
1083 -64.0000000000
1112 -63.0000000000
1133 -62.0000000000
1135 -61.0000000000
1154 -60.0000000000
1216 -58.0000000000
1262 -57.0000000000
1276 -56.0000000000
1313 -55.0000000000
1348 -54.0000000000
1366 -53.0000000000
1401 -52.0000000000
1441 -51.0000000000
1470 -50.0000000000
1506 -49.0000000000
1514 -48.0000000000
1553 -47.0000000000
1600 -46.0000000000
1611 -45.0000000000
1624 -44.0000000000
1674 -43.0000000000
1736 -42.0000000000
1794 -40.0000000000
1808 -39.0000000000
1878 -38.0000000000
1935 -34.0000000000
2032 -33.0000000000
2043 -32.0000000000
2078 -31.0000000000
2125 -30.0000000000
2239 -29.0000000000
2288 -28.0000000000
2304 -27.0000000000
2322 -26.0000000000
2403 -25.0000000000
2427 -24.0000000000
2549 -23.0000000000
2579 -22.0000000000
2630 -20.0000000000
2747 -19.0000000000
2801 -18.0000000000
2950 -17.0000000000
3017 -16.0000000000
3098 -15.0000000000
3149 -14.0000000000
3188 -13.0000000000
3223 -11.0000000000
3346 -10.0000000000
3375 -9.0000000000
3416 -8.0000000000
3499 -7.0000000000
3567 -5.0000000000
3602 -4.0000000000
3704 -3.0000000000
3711 384.0000000000
4046 395.0000000000
4914 402.0000000000
5103 403.0000000000
5197 404.0000000000
5363 405.0000000000
5802 408.0000000000
5864 409.0000000000
6312 420.0000000000
8839 422.0000000000
9065 425.0000000000
66236 426.0000000000
95731 427.0000000000
100000 427.0000000000
evaluations raw_y
1 -224.0000000000
2 -215.0000000000
4 -202.0000000000
6 -201.0000000000
16 -197.0000000000
55 -194.0000000000
77 -189.0000000000
88 -186.0000000000
94 -181.0000000000
120 -180.0000000000
122 -171.0000000000
181 -166.0000000000
202 -164.0000000000
216 -161.0000000000
248 -158.0000000000
259 -156.0000000000
266 -155.0000000000
282 -146.0000000000
319 -145.0000000000
328 -144.0000000000
341 -143.0000000000
342 -137.0000000000
402 -136.0000000000
407 -133.0000000000
450 -131.0000000000
451 -130.0000000000
468 -128.0000000000
487 -127.0000000000
502 -126.0000000000
505 -125.0000000000
515 -124.0000000000
524 -123.0000000000
548 -122.0000000000
551 -121.0000000000
569 -120.0000000000
572 -115.0000000000
584 -112.0000000000
628 -106.0000000000
690 -102.0000000000
717 -100.0000000000
728 -99.0000000000
771 -98.0000000000
776 -96.0000000000
777 -95.0000000000
811 -93.0000000000
813 -90.0000000000
848 -88.0000000000
854 -87.0000000000
897 -86.0000000000
902 -83.0000000000
917 -81.0000000000
973 -80.0000000000
982 -79.0000000000
1014 -78.0000000000
1050 -77.0000000000
1063 -73.0000000000
1143 -72.0000000000
1167 -71.0000000000
1218 -70.0000000000
1222 -69.0000000000
1231 -68.0000000000
1245 -65.0000000000
1271 -64.0000000000
1289 -63.0000000000
1341 -62.0000000000
1349 -60.0000000000
1365 -59.0000000000
1418 -58.0000000000
1433 -57.0000000000
1453 -56.0000000000
1490 -55.0000000000
1513 -54.0000000000
1576 -53.0000000000
1619 -51.0000000000
1705 -50.0000000000
1738 -49.0000000000
1782 -48.0000000000
1830 -47.0000000000
1850 -46.0000000000
1865 -45.0000000000
1910 -44.0000000000
1931 -43.0000000000
1946 -41.0000000000
2003 -40.0000000000
2053 -39.0000000000
2085 -38.0000000000
2165 -37.0000000000
2198 -36.0000000000
2202 -35.0000000000
2208 -34.0000000000
2290 -33.0000000000
2291 -32.0000000000
2341 -30.0000000000
2395 -29.0000000000
2501 -28.0000000000
2523 -27.0000000000
2565 -25.0000000000
2649 -24.0000000000
2661 -23.0000000000
2690 -21.0000000000
2766 -20.0000000000
2861 -19.0000000000
2902 -18.0000000000
2946 -17.0000000000
3005 -16.0000000000
3008 -15.0000000000
3044 -14.0000000000
3119 -13.0000000000
3164 -12.0000000000
3233 -11.0000000000
3331 -10.0000000000
3381 -9.0000000000
3442 -8.0000000000
3532 -7.0000000000
3683 -6.0000000000
3770 -5.0000000000
3881 -4.0000000000
3937 -3.0000000000
3985 -1.0000000000
4107 371.0000000000
4198 379.0000000000
4244 380.0000000000
4251 390.0000000000
4308 391.0000000000
4336 399.0000000000
4366 400.0000000000
4551 404.0000000000
4763 410.0000000000
4881 415.0000000000
5238 416.0000000000
5479 417.0000000000
6468 418.0000000000
7358 422.0000000000
7618 423.0000000000
7736 425.0000000000
7996 427.0000000000
9001 429.0000000000
11795 430.0000000000
12084 431.0000000000
19195 432.0000000000
34177 433.0000000000
41773 434.0000000000
74355 435.0000000000
100000 -1.0000000000
evaluations raw_y
1 -224.0000000000
2 -211.0000000000
3 -205.0000000000
5 -204.0000000000
16 -201.0000000000
45 -195.0000000000
61 -193.0000000000
92 -190.0000000000
109 -187.0000000000
121 -186.0000000000
126 -182.0000000000
158 -181.0000000000
170 -173.0000000000
213 -167.0000000000
226 -165.0000000000
234 -162.0000000000
256 -161.0000000000
264 -157.0000000000
308 -150.0000000000
355 -148.0000000000
363 -146.0000000000
371 -143.0000000000
378 -142.0000000000
381 -141.0000000000
390 -138.0000000000
412 -134.0000000000
423 -133.0000000000
442 -132.0000000000
448 -130.0000000000
462 -126.0000000000
502 -125.0000000000
520 -124.0000000000
524 -120.0000000000
529 -118.0000000000
533 -116.0000000000
534 -114.0000000000
574 -111.0000000000
617 -107.0000000000
623 -104.0000000000
671 -103.0000000000
674 -99.0000000000
729 -98.0000000000
733 -97.0000000000
758 -96.0000000000
760 -94.0000000000
765 -93.0000000000
787 -91.0000000000
811 -89.0000000000
841 -86.0000000000
857 -85.0000000000
872 -84.0000000000
895 -80.0000000000
947 -78.0000000000
963 -76.0000000000
995 -74.0000000000
1045 -73.0000000000
1085 -71.0000000000
1101 -70.0000000000
1145 -69.0000000000
1162 -67.0000000000
1205 -64.0000000000
1255 -62.0000000000
1305 -61.0000000000
1370 -60.0000000000
1424 -59.0000000000
1427 -58.0000000000
1449 -57.0000000000
1492 -56.0000000000
1550 -55.0000000000
1576 -54.0000000000
1597 -53.0000000000
1606 -52.0000000000
1688 -51.0000000000
1693 -49.0000000000
1719 -47.0000000000
1819 -46.0000000000
1848 -45.0000000000
1874 -43.0000000000
1935 -42.0000000000
1960 -41.0000000000
1988 -40.0000000000
2073 -39.0000000000
2103 -36.0000000000
2187 -35.0000000000
2229 -34.0000000000
2247 -33.0000000000
2302 -32.0000000000
2347 -31.0000000000
2396 -30.0000000000
2422 -29.0000000000
2491 -28.0000000000
2522 -27.0000000000
2581 -26.0000000000
2646 -25.0000000000
2680 -24.0000000000
2722 -23.0000000000
2786 -22.0000000000
2845 -21.0000000000
2873 -20.0000000000
2911 -19.0000000000
2996 -18.0000000000
2997 -17.0000000000
3091 -16.0000000000
3123 -15.0000000000
3230 -14.0000000000
3332 -13.0000000000
3384 -12.0000000000
3476 -11.0000000000
3567 -10.0000000000
3573 -9.0000000000
3659 -8.0000000000
3729 -7.0000000000
3819 -6.0000000000
3935 -5.0000000000
3977 -4.0000000000
4034 -3.0000000000
4120 -2.0000000000
4160 -1.0000000000
4210 379.0000000000
4242 382.0000000000
4322 384.0000000000
4379 395.0000000000
4441 398.0000000000
4699 407.0000000000
4955 410.0000000000
4985 417.0000000000
5287 420.0000000000
5335 421.0000000000
5517 422.0000000000
5649 423.0000000000
5746 425.0000000000
17574 428.0000000000
19392 430.0000000000
44546 432.0000000000
46944 433.0000000000
48096 435.0000000000
49471 436.0000000000
94774 438.0000000000
100000 -2.0000000000
evaluations raw_y
1 -234.0000000000
2 -207.0000000000
5 -203.0000000000
16 -192.0000000000
24 -189.0000000000
71 -188.0000000000
79 -186.0000000000
83 -182.0000000000
94 -175.0000000000
106 -174.0000000000
144 -172.0000000000
147 -166.0000000000
180 -162.0000000000
206 -161.0000000000
210 -160.0000000000
218 -159.0000000000
239 -158.0000000000
254 -154.0000000000
258 -150.0000000000
268 -149.0000000000
282 -143.0000000000
321 -138.0000000000
347 -135.0000000000
351 -134.0000000000
372 -127.0000000000
426 -124.0000000000
437 -123.0000000000
455 -122.0000000000
479 -120.0000000000
487 -114.0000000000
561 -111.0000000000
566 -109.0000000000
572 -108.0000000000
580 -107.0000000000
612 -102.0000000000
638 -101.0000000000
659 -100.0000000000
666 -98.0000000000
675 -97.0000000000
716 -93.0000000000
728 -92.0000000000
759 -91.0000000000
773 -90.0000000000
797 -88.0000000000
825 -82.0000000000
878 -81.0000000000
918 -80.0000000000
937 -77.0000000000
945 -76.0000000000
1003 -71.0000000000
1107 -70.0000000000
1148 -69.0000000000
1158 -68.0000000000
1160 -66.0000000000
1219 -65.0000000000
1236 -63.0000000000
1295 -62.0000000000
1299 -61.0000000000
1302 -58.0000000000
1385 -57.0000000000
1406 -56.0000000000
1430 -55.0000000000
1479 -53.0000000000
1538 -52.0000000000
1574 -51.0000000000
1583 -50.0000000000
1606 -49.0000000000
1643 -47.0000000000
1691 -46.0000000000
1743 -45.0000000000
1769 -44.0000000000
1780 -42.0000000000
1836 -41.0000000000
1847 -40.0000000000
1867 -39.0000000000
1940 -37.0000000000
1959 -36.0000000000
2003 -35.0000000000
2033 -34.0000000000
2089 -32.0000000000
2105 -31.0000000000
2187 -28.0000000000
2276 -27.0000000000
2305 -26.0000000000
2354 -25.0000000000
2401 -23.0000000000
2413 -22.0000000000
2483 -21.0000000000
2550 -20.0000000000
2585 -19.0000000000
2664 -18.0000000000
2807 -17.0000000000
2842 -16.0000000000
2927 -14.0000000000
3038 -13.0000000000
3109 -12.0000000000
3158 -11.0000000000
3182 -10.0000000000
3188 -9.0000000000
3325 -8.0000000000
3346 -7.0000000000
3409 -6.0000000000
3499 -5.0000000000
3563 -4.0000000000
3671 -3.0000000000
3715 -2.0000000000
3796 -1.0000000000
3963 402.0000000000
4135 406.0000000000
4384 413.0000000000
4550 415.0000000000
4605 419.0000000000
8765 420.0000000000
9756 421.0000000000
10038 425.0000000000
11273 426.0000000000
23642 427.0000000000
33105 428.0000000000
33433 431.0000000000
50721 432.0000000000
100000 -1.0000000000
evaluations raw_y
1 -219.0000000000
3 -213.0000000000
4 -209.0000000000
5 -206.0000000000
7 -199.0000000000
54 -186.0000000000
101 -182.0000000000
104 -179.0000000000
121 -165.0000000000
166 -160.0000000000
186 -157.0000000000
201 -146.0000000000
247 -139.0000000000
271 -138.0000000000
294 -135.0000000000
305 -133.0000000000
327 -132.0000000000
355 -128.0000000000
365 -122.0000000000
389 -120.0000000000
426 -117.0000000000
443 -112.0000000000
472 -109.0000000000
514 -107.0000000000
521 -99.0000000000
565 -97.0000000000
624 -94.0000000000
645 -92.0000000000
676 -90.0000000000
706 -88.0000000000
741 -86.0000000000
759 -83.0000000000
788 -82.0000000000
789 -81.0000000000
818 -79.0000000000
823 -78.0000000000
853 -77.0000000000
872 -75.0000000000
883 -73.0000000000
896 -72.0000000000
962 -66.0000000000
1064 -65.0000000000
1071 -63.0000000000
1108 -62.0000000000
1119 -61.0000000000
1159 -60.0000000000
1167 -58.0000000000
1244 -57.0000000000
1251 -56.0000000000
1274 -55.0000000000
1297 -54.0000000000
1309 -53.0000000000
1328 -52.0000000000
1363 -51.0000000000
1384 -50.0000000000
1401 -49.0000000000
1461 -47.0000000000
1506 -45.0000000000
1591 -44.0000000000
1605 -43.0000000000
1609 -42.0000000000
1640 -41.0000000000
1648 -40.0000000000
1713 -39.0000000000
1728 -37.0000000000
1823 -36.0000000000
1879 -35.0000000000
1881 -34.0000000000
1938 -33.0000000000
1957 -31.0000000000
2045 -29.0000000000
2089 -28.0000000000
2133 -27.0000000000
2184 -26.0000000000
2197 -25.0000000000
2214 -24.0000000000
2274 -22.0000000000
2368 -20.0000000000
2414 -19.0000000000
2456 -18.0000000000
2497 -17.0000000000
2602 -16.0000000000
2646 -15.0000000000
2683 -13.0000000000
2758 -12.0000000000
2825 -11.0000000000
2875 -10.0000000000
2904 -9.0000000000
3011 -8.0000000000
3051 -7.0000000000
3219 -6.0000000000
3301 -5.0000000000
3334 -4.0000000000
3383 -3.0000000000
3456 -2.0000000000
3510 -1.0000000000
3669 379.0000000000
4236 387.0000000000
4307 390.0000000000
4332 393.0000000000
4365 394.0000000000
4370 407.0000000000
4771 410.0000000000
4772 413.0000000000
5365 417.0000000000
7252 419.0000000000
7261 423.0000000000
14514 425.0000000000
64678 426.0000000000
71694 428.0000000000
82367 429.0000000000
89726 431.0000000000
96241 433.0000000000
96409 435.0000000000
100000 -3.0000000000
evaluations raw_y
1 -214.0000000000
6 -208.0000000000
18 -200.0000000000
25 -190.0000000000
76 -181.0000000000
90 -179.0000000000
121 -176.0000000000
124 -173.0000000000
145 -169.0000000000
173 -168.0000000000
176 -165.0000000000
189 -156.0000000000
214 -154.0000000000
221 -151.0000000000
273 -149.0000000000
277 -148.0000000000
285 -147.0000000000
290 -143.0000000000
329 -140.0000000000
336 -137.0000000000
345 -136.0000000000
379 -133.0000000000
382 -129.0000000000
422 -126.0000000000
457 -125.0000000000
468 -124.0000000000
506 -122.0000000000
528 -121.0000000000
541 -120.0000000000
547 -117.0000000000
550 -116.0000000000
578 -115.0000000000
588 -113.0000000000
605 -109.0000000000
623 -108.0000000000
682 -107.0000000000
690 -106.0000000000
716 -103.0000000000
742 -101.0000000000
763 -99.0000000000
820 -98.0000000000
835 -94.0000000000
872 -91.0000000000
917 -88.0000000000
952 -85.0000000000
1026 -82.0000000000
1071 -81.0000000000
1107 -80.0000000000
1114 -79.0000000000
1121 -78.0000000000
1160 -77.0000000000
1169 -75.0000000000
1201 -74.0000000000
1242 -73.0000000000
1257 -72.0000000000
1278 -71.0000000000
1307 -70.0000000000
1365 -68.0000000000
1412 -66.0000000000
1456 -63.0000000000
1509 -62.0000000000
1514 -60.0000000000
1590 -59.0000000000
1605 -58.0000000000
1637 -55.0000000000
1706 -54.0000000000
1725 -51.0000000000
1770 -50.0000000000
1803 -49.0000000000
1832 -48.0000000000
1839 -47.0000000000
1863 -46.0000000000
1943 -45.0000000000
1981 -44.0000000000
2061 -42.0000000000
2107 -41.0000000000
2150 -40.0000000000
2165 -39.0000000000
2166 -37.0000000000
2214 -36.0000000000
2264 -34.0000000000
2324 -32.0000000000
2388 -30.0000000000
2458 -29.0000000000
2470 -27.0000000000
2586 -26.0000000000
2607 -25.0000000000
2674 -24.0000000000
2747 -23.0000000000
2768 -22.0000000000
2881 -21.0000000000
3001 -20.0000000000
3128 -19.0000000000
3174 -18.0000000000
3252 -17.0000000000
3281 -16.0000000000
3356 -15.0000000000
3392 -14.0000000000
3394 -13.0000000000
3496 -12.0000000000
3528 -11.0000000000
3568 -10.0000000000
3604 -9.0000000000
3680 -8.0000000000
3729 -7.0000000000
3745 -6.0000000000
3897 -5.0000000000
4084 -4.0000000000
4138 -3.0000000000
4205 -2.0000000000
4247 -1.0000000000
4344 388.0000000000
4362 393.0000000000
4524 397.0000000000
4607 400.0000000000
4812 404.0000000000
5208 410.0000000000
6552 412.0000000000
7183 413.0000000000
7263 416.0000000000
7710 417.0000000000
10010 418.0000000000
10088 419.0000000000
10187 420.0000000000
11196 426.0000000000
12285 427.0000000000
12473 429.0000000000
18999 430.0000000000
19161 432.0000000000
19316 434.0000000000
29782 436.0000000000
100000 -1.0000000000
evaluations raw_y
1 -216.0000000000
2 -198.0000000000
3 -195.0000000000
22 -194.0000000000
48 -192.0000000000
55 -191.0000000000
82 -188.0000000000
84 -187.0000000000
102 -184.0000000000
107 -183.0000000000
123 -182.0000000000
133 -180.0000000000
135 -179.0000000000
147 -174.0000000000
175 -173.0000000000
178 -172.0000000000
201 -169.0000000000
221 -166.0000000000
234 -161.0000000000
270 -160.0000000000
274 -152.0000000000
320 -151.0000000000
324 -149.0000000000
327 -148.0000000000
345 -144.0000000000
357 -143.0000000000
379 -134.0000000000
426 -133.0000000000
430 -131.0000000000
480 -128.0000000000
487 -126.0000000000
497 -122.0000000000
524 -121.0000000000
552 -120.0000000000
563 -119.0000000000
602 -113.0000000000
638 -112.0000000000
640 -108.0000000000
688 -107.0000000000
704 -103.0000000000
728 -99.0000000000
819 -97.0000000000
826 -94.0000000000
844 -93.0000000000
880 -92.0000000000
915 -91.0000000000
922 -89.0000000000
943 -88.0000000000
955 -87.0000000000
981 -83.0000000000
1082 -81.0000000000
1084 -78.0000000000
1177 -77.0000000000
1194 -76.0000000000
1201 -74.0000000000
1241 -72.0000000000
1264 -71.0000000000
1301 -69.0000000000
1352 -68.0000000000
1364 -66.0000000000
1401 -64.0000000000
1482 -63.0000000000
1527 -62.0000000000
1531 -61.0000000000
1546 -59.0000000000
1568 -58.0000000000
1613 -57.0000000000
1614 -56.0000000000
1649 -55.0000000000
1660 -54.0000000000
1692 -52.0000000000
1709 -51.0000000000
1755 -50.0000000000
1766 -49.0000000000
1787 -47.0000000000
1830 -46.0000000000
1834 -45.0000000000
1848 -44.0000000000
1878 -42.0000000000
1942 -40.0000000000
2004 -39.0000000000
2014 -38.0000000000
2044 -37.0000000000
2086 -35.0000000000
2128 -34.0000000000
2180 -33.0000000000
2202 -32.0000000000
2230 -31.0000000000
2258 -30.0000000000
2307 -29.0000000000
2358 -28.0000000000
2375 -27.0000000000
2421 -26.0000000000
2472 -25.0000000000
2505 -24.0000000000
2521 -23.0000000000
2584 -22.0000000000
2594 -21.0000000000
2613 -20.0000000000
2667 -19.0000000000
2710 -17.0000000000
2784 -15.0000000000
2860 -14.0000000000
2923 -13.0000000000
2956 -12.0000000000
3044 -10.0000000000
3106 -9.0000000000
3193 -8.0000000000
3280 -7.0000000000
3370 -6.0000000000
3464 -5.0000000000
3512 -4.0000000000
3572 -3.0000000000
3652 -2.0000000000
3675 -1.0000000000
3767 398.0000000000
3782 402.0000000000
3792 405.0000000000
3828 408.0000000000
3856 409.0000000000
3862 410.0000000000
3869 411.0000000000
3881 413.0000000000
3912 414.0000000000
4085 418.0000000000
5077 419.0000000000
8498 420.0000000000
8803 423.0000000000
10096 424.0000000000
10245 425.0000000000
10338 427.0000000000
10414 428.0000000000
12504 430.0000000000
23737 431.0000000000
26390 435.0000000000
43964 436.0000000000
68213 437.0000000000
78825 438.0000000000
100000 -1.0000000000
evaluations raw_y
1 -212.0000000000
6 -211.0000000000
7 -206.0000000000
13 -201.0000000000
19 -197.0000000000
22 -195.0000000000
42 -192.0000000000
57 -189.0000000000
77 -187.0000000000
94 -184.0000000000
118 -178.0000000000
168 -171.0000000000
186 -170.0000000000
188 -169.0000000000
205 -164.0000000000
234 -160.0000000000
243 -150.0000000000
298 -149.0000000000
325 -143.0000000000
362 -142.0000000000
384 -141.0000000000
400 -137.0000000000
411 -131.0000000000
481 -130.0000000000
507 -127.0000000000
517 -123.0000000000
602 -120.0000000000
618 -119.0000000000
625 -118.0000000000
633 -117.0000000000
642 -114.0000000000
665 -113.0000000000
676 -111.0000000000
698 -108.0000000000
722 -107.0000000000
750 -103.0000000000
802 -102.0000000000
813 -101.0000000000
825 -100.0000000000
840 -99.0000000000
842 -98.0000000000
878 -94.0000000000
912 -92.0000000000
938 -89.0000000000
985 -86.0000000000
1051 -85.0000000000
1069 -84.0000000000
1086 -82.0000000000
1142 -80.0000000000
1158 -79.0000000000
1202 -78.0000000000
1237 -77.0000000000
1242 -76.0000000000
1264 -74.0000000000
1300 -73.0000000000
1315 -71.0000000000
1341 -70.0000000000
1353 -68.0000000000
1385 -67.0000000000
1435 -66.0000000000
1443 -64.0000000000
1484 -62.0000000000
1522 -61.0000000000
1541 -60.0000000000
1566 -58.0000000000
1584 -56.0000000000
1645 -55.0000000000
1691 -54.0000000000
1692 -53.0000000000
1727 -52.0000000000
1755 -51.0000000000
1778 -50.0000000000
1827 -48.0000000000
1893 -46.0000000000
1922 -45.0000000000
1965 -43.0000000000
1995 -42.0000000000
2001 -41.0000000000
2043 -38.0000000000
2133 -37.0000000000
2199 -36.0000000000
2202 -35.0000000000
2230 -34.0000000000
2332 -33.0000000000
2334 -32.0000000000
2352 -31.0000000000
2372 -30.0000000000
2443 -29.0000000000
2485 -28.0000000000
2492 -27.0000000000
2563 -26.0000000000
2614 -25.0000000000
2630 -24.0000000000
2705 -23.0000000000
2807 -22.0000000000
2826 -21.0000000000
2904 -20.0000000000
2921 -19.0000000000
2957 -18.0000000000
3038 -17.0000000000
3069 -14.0000000000
3147 -13.0000000000
3206 -12.0000000000
3303 -11.0000000000
3423 -10.0000000000
3462 -8.0000000000
3593 -7.0000000000
3630 -6.0000000000
3661 -5.0000000000
3711 -4.0000000000
3820 -3.0000000000
3872 -2.0000000000
4034 -1.0000000000
4148 390.0000000000
4184 392.0000000000
4190 393.0000000000
4257 397.0000000000
4315 398.0000000000
4351 399.0000000000
4365 400.0000000000
4381 406.0000000000
4782 410.0000000000
4838 412.0000000000
4861 413.0000000000
5604 416.0000000000
6459 417.0000000000
6782 418.0000000000
7025 419.0000000000
10199 420.0000000000
11220 423.0000000000
11416 424.0000000000
11541 425.0000000000
11741 426.0000000000
27773 427.0000000000
53862 428.0000000000
68568 429.0000000000
69447 430.0000000000
69607 432.0000000000
69678 433.0000000000
69988 436.0000000000
77060 437.0000000000
97859 439.0000000000
100000 -1.0000000000
evaluations raw_y
1 -190.0000000000
29 -188.0000000000
63 -185.0000000000
85 -184.0000000000
91 -183.0000000000
102 -182.0000000000
105 -168.0000000000
162 -166.0000000000
163 -160.0000000000
194 -152.0000000000
202 -150.0000000000
234 -149.0000000000
253 -140.0000000000
262 -139.0000000000
289 -138.0000000000
290 -137.0000000000
312 -131.0000000000
340 -130.0000000000
345 -129.0000000000
353 -128.0000000000
357 -126.0000000000
382 -123.0000000000
422 -119.0000000000
450 -117.0000000000
470 -116.0000000000
472 -114.0000000000
498 -113.0000000000
513 -110.0000000000
515 -105.0000000000
580 -104.0000000000
624 -100.0000000000
650 -98.0000000000
661 -96.0000000000
693 -95.0000000000
715 -86.0000000000
802 -85.0000000000
846 -84.0000000000
855 -83.0000000000
883 -78.0000000000
987 -76.0000000000
1023 -74.0000000000
1027 -73.0000000000
1039 -71.0000000000
1068 -69.0000000000
1102 -68.0000000000
1103 -66.0000000000
1178 -63.0000000000
1208 -62.0000000000
1297 -61.0000000000
1328 -60.0000000000
1349 -59.0000000000
1405 -58.0000000000
1411 -57.0000000000
1447 -56.0000000000
1475 -55.0000000000
1482 -54.0000000000
1501 -53.0000000000
1586 -52.0000000000
1599 -50.0000000000
1664 -49.0000000000
1702 -46.0000000000
1790 -44.0000000000
1893 -43.0000000000
1936 -42.0000000000
1942 -41.0000000000
1958 -40.0000000000
1980 -38.0000000000
2048 -37.0000000000
2111 -36.0000000000
2116 -35.0000000000
2182 -34.0000000000
2192 -31.0000000000
2349 -30.0000000000
2393 -28.0000000000
2452 -26.0000000000
2540 -25.0000000000
2555 -24.0000000000
2597 -23.0000000000
2641 -22.0000000000
2683 -21.0000000000
2764 -20.0000000000
2804 -19.0000000000
2811 -18.0000000000
2861 -17.0000000000
2893 -16.0000000000
2936 -15.0000000000
3001 -14.0000000000
3002 -13.0000000000
3087 -12.0000000000
3170 -11.0000000000
3229 -10.0000000000
3301 -9.0000000000
3317 -8.0000000000
3424 -7.0000000000
3493 -6.0000000000
3556 -5.0000000000
3587 -4.0000000000
3645 -3.0000000000
3731 -2.0000000000
3845 -1.0000000000
3902 384.0000000000
4369 396.0000000000
4426 399.0000000000
4446 402.0000000000
4888 406.0000000000
5033 408.0000000000
5124 413.0000000000
5218 418.0000000000
7508 421.0000000000
7589 423.0000000000
9671 424.0000000000
13280 425.0000000000
13696 427.0000000000
26216 431.0000000000
59762 432.0000000000
64604 433.0000000000
66833 435.0000000000
90713 436.0000000000
100000 436.0000000000
evaluations raw_y
1 -219.0000000000
2 -209.0000000000
5 -205.0000000000
6 -195.0000000000
46 -193.0000000000
48 -187.0000000000
63 -185.0000000000
84 -183.0000000000
95 -182.0000000000
100 -179.0000000000
101 -175.0000000000
111 -172.0000000000
132 -171.0000000000
148 -166.0000000000
153 -165.0000000000
188 -154.0000000000
228 -152.0000000000
263 -149.0000000000
266 -145.0000000000
285 -143.0000000000
304 -142.0000000000
307 -133.0000000000
401 -128.0000000000
425 -125.0000000000
445 -120.0000000000
465 -119.0000000000
470 -118.0000000000
483 -115.0000000000
527 -112.0000000000
567 -110.0000000000
574 -109.0000000000
595 -108.0000000000
613 -107.0000000000
621 -103.0000000000
646 -102.0000000000
679 -100.0000000000
681 -99.0000000000
710 -98.0000000000
744 -95.0000000000
779 -93.0000000000
784 -88.0000000000
842 -87.0000000000
882 -85.0000000000
916 -83.0000000000
944 -82.0000000000
955 -81.0000000000
972 -79.0000000000
1000 -78.0000000000
1022 -76.0000000000
1061 -75.0000000000
1087 -74.0000000000
1096 -73.0000000000
1098 -72.0000000000
1137 -71.0000000000
1142 -69.0000000000
1223 -68.0000000000
1246 -67.0000000000
1276 -66.0000000000
1287 -64.0000000000
1347 -62.0000000000
1392 -60.0000000000
1428 -58.0000000000
1463 -57.0000000000
1504 -56.0000000000
1515 -55.0000000000
1524 -54.0000000000
1566 -52.0000000000
1620 -51.0000000000
1622 -49.0000000000
1701 -48.0000000000
1728 -47.0000000000
1778 -46.0000000000
1794 -45.0000000000
1820 -43.0000000000
1949 -42.0000000000
1969 -41.0000000000
1987 -39.0000000000
2060 -38.0000000000
2062 -37.0000000000
2140 -35.0000000000
2174 -34.0000000000
2204 -32.0000000000
2283 -31.0000000000
2324 -29.0000000000
2405 -27.0000000000
2527 -26.0000000000
2562 -25.0000000000
2631 -24.0000000000
2700 -23.0000000000
2746 -21.0000000000
2794 -20.0000000000
2799 -19.0000000000
2879 -18.0000000000
2922 -17.0000000000
2981 -16.0000000000
3066 -15.0000000000
3108 -13.0000000000
3128 -12.0000000000
3252 -11.0000000000
3290 -10.0000000000
3370 -9.0000000000
3424 -7.0000000000
3502 -5.0000000000
3665 -4.0000000000
3707 -3.0000000000
3768 -1.0000000000
3854 385.0000000000
4189 398.0000000000
5243 410.0000000000
5622 420.0000000000
7769 422.0000000000
9961 424.0000000000
15775 426.0000000000
31370 427.0000000000
35021 428.0000000000
35374 430.0000000000
35947 431.0000000000
40105 432.0000000000
52249 438.0000000000
81211 439.0000000000
89240 440.0000000000
100000 -2.0000000000
evaluations raw_y
1 -212.0000000000
8 -207.0000000000
11 -201.0000000000
64 -190.0000000000
105 -187.0000000000
128 -186.0000000000
133 -183.0000000000
146 -178.0000000000
173 -175.0000000000
184 -173.0000000000
193 -172.0000000000
203 -171.0000000000
218 -165.0000000000
221 -162.0000000000
256 -161.0000000000
274 -157.0000000000
284 -155.0000000000
300 -153.0000000000
326 -150.0000000000
354 -148.0000000000
370 -147.0000000000
385 -145.0000000000
395 -144.0000000000
404 -143.0000000000
422 -142.0000000000
427 -139.0000000000
462 -137.0000000000
468 -136.0000000000
477 -134.0000000000
493 -131.0000000000
502 -127.0000000000
564 -125.0000000000
575 -118.0000000000
627 -116.0000000000
647 -115.0000000000
661 -114.0000000000
664 -111.0000000000
693 -110.0000000000
703 -107.0000000000
740 -105.0000000000
782 -104.0000000000
793 -102.0000000000
796 -101.0000000000
846 -100.0000000000
867 -97.0000000000
916 -96.0000000000
923 -95.0000000000
928 -94.0000000000
949 -91.0000000000
989 -88.0000000000
1026 -87.0000000000
1066 -85.0000000000
1107 -84.0000000000
1146 -82.0000000000
1167 -81.0000000000
1180 -80.0000000000
1184 -79.0000000000
1190 -78.0000000000
1227 -77.0000000000
1239 -74.0000000000
1282 -73.0000000000
1349 -72.0000000000
1350 -71.0000000000
1355 -70.0000000000
1403 -68.0000000000
1423 -67.0000000000
1476 -64.0000000000
1528 -63.0000000000
1558 -60.0000000000
1582 -59.0000000000
1621 -58.0000000000
1695 -57.0000000000
1737 -56.0000000000
1762 -55.0000000000
1771 -54.0000000000
1790 -53.0000000000
1826 -52.0000000000
1882 -50.0000000000
1895 -49.0000000000
1978 -48.0000000000
1996 -46.0000000000
2067 -45.0000000000
2090 -44.0000000000
2103 -43.0000000000
2183 -40.0000000000
2245 -39.0000000000
2281 -38.0000000000
2343 -37.0000000000
2397 -35.0000000000
2474 -34.0000000000
2488 -33.0000000000
2510 -32.0000000000
2541 -31.0000000000
2565 -30.0000000000
2642 -29.0000000000
2666 -27.0000000000
2742 -26.0000000000
2773 -24.0000000000
2858 -23.0000000000
2882 -22.0000000000
2922 -21.0000000000
2955 -20.0000000000
2984 -19.0000000000
2986 -18.0000000000
3083 -17.0000000000
3088 -16.0000000000
3118 -15.0000000000
3188 -13.0000000000
3205 -12.0000000000
3314 -11.0000000000
3371 -10.0000000000
3425 -9.0000000000
3560 -8.0000000000
3624 -7.0000000000
3790 -5.0000000000
3836 -4.0000000000
3954 -3.0000000000
4044 -2.0000000000
4144 -1.0000000000
4174 383.0000000000
4223 385.0000000000
4242 396.0000000000
4253 403.0000000000
4462 404.0000000000
4683 409.0000000000
6321 412.0000000000
6526 416.0000000000
6633 417.0000000000
6643 420.0000000000
6846 421.0000000000
6847 422.0000000000
10046 423.0000000000
17056 425.0000000000
25715 431.0000000000
58988 434.0000000000
62636 435.0000000000
62670 437.0000000000
62917 441.0000000000
100000 441.0000000000
evaluations raw_y
1 -213.0000000000
4 -203.0000000000
12 -196.0000000000
28 -192.0000000000
63 -190.0000000000
83 -182.0000000000
88 -179.0000000000
106 -172.0000000000
127 -170.0000000000
141 -168.0000000000
167 -167.0000000000
178 -162.0000000000
208 -161.0000000000
230 -157.0000000000
233 -156.0000000000
249 -155.0000000000
283 -153.0000000000
285 -151.0000000000
313 -147.0000000000
331 -144.0000000000
352 -143.0000000000
357 -138.0000000000
386 -132.0000000000
402 -131.0000000000
403 -130.0000000000
413 -126.0000000000
435 -121.0000000000
505 -113.0000000000
568 -111.0000000000
585 -108.0000000000
598 -107.0000000000
609 -106.0000000000
612 -104.0000000000
628 -103.0000000000
638 -101.0000000000
646 -100.0000000000
668 -96.0000000000
683 -94.0000000000
737 -93.0000000000
747 -91.0000000000
765 -88.0000000000
771 -87.0000000000
790 -85.0000000000
837 -84.0000000000
843 -81.0000000000
890 -80.0000000000
892 -76.0000000000
937 -75.0000000000
957 -73.0000000000
975 -72.0000000000
1026 -69.0000000000
1055 -68.0000000000
1101 -67.0000000000
1111 -65.0000000000
1141 -61.0000000000
1246 -59.0000000000
1307 -58.0000000000
1336 -57.0000000000
1361 -55.0000000000
1413 -51.0000000000
1516 -50.0000000000
1519 -49.0000000000
1541 -46.0000000000
1602 -44.0000000000
1648 -42.0000000000
1708 -41.0000000000
1722 -40.0000000000
1747 -39.0000000000
1766 -38.0000000000
1804 -35.0000000000
1866 -34.0000000000
1950 -32.0000000000
2018 -31.0000000000
2063 -29.0000000000
2128 -28.0000000000
2210 -27.0000000000
2274 -26.0000000000
2291 -25.0000000000
2374 -23.0000000000
2414 -22.0000000000
2504 -21.0000000000
2505 -20.0000000000
2525 -19.0000000000
2568 -18.0000000000
2615 -17.0000000000
2648 -16.0000000000
2705 -15.0000000000
2729 -14.0000000000
2741 -13.0000000000
2803 -12.0000000000
2878 -11.0000000000
2948 -10.0000000000
3049 -9.0000000000
3067 -8.0000000000
3171 -7.0000000000
3277 -6.0000000000
3401 -5.0000000000
3403 -4.0000000000
3551 -3.0000000000
3593 -2.0000000000
3616 -1.0000000000
3871 379.0000000000
3908 400.0000000000
4280 403.0000000000
4500 406.0000000000
4576 412.0000000000
6594 414.0000000000
6724 416.0000000000
10907 420.0000000000
15421 421.0000000000
16665 423.0000000000
16725 429.0000000000
36190 431.0000000000
57567 433.0000000000
78730 436.0000000000
100000 436.0000000000
