evaluations raw_y
1 81.8800000000
3 115.5100000000
16 121.6200000000
44 153.2400000000
111 161.4700000000
192 164.2400000000
197 178.2800000000
285 179.7500000000
293 180.6900000000
330 185.8300000000
335 199.6700000000
408 204.4200000000
598 211.9600000000
732 219.3800000000
819 234.0700000000
878 241.0200000000
925 305.4400000000
1153 311.9300000000
1281 316.9300000000
1442 331.7100000000
1469 437.4300000000
1493 452.0600000000
1531 463.5600000000
1604 477.8700000000
1690 483.5100000000
1954 485.7600000000
2079 492.0400000000
2084 494.4000000000
2214 515.2700000000
2343 525.5600000000
3200 526.5200000000
3412 586.6400000000
3444 606.6500000000
3484 607.1300000000
3536 612.0300000000
3601 629.9800000000
4004 665.2700000000
4039 668.9800000000
4085 686.8100000000
4147 688.8700000000
4155 705.4500000000
4187 705.7300000000
4200 708.4100000000
4223 712.2000000000
4360 724.4000000000
4934 724.5800000000
6094 732.8400000000
evaluations raw_y
1 77.3100000000
3 118.0200000000
56 120.5000000000
57 140.5300000000
85 150.0000000000
130 150.2500000000
207 151.9900000000
227 164.3100000000
297 170.6300000000
355 179.8400000000
411 182.4200000000
425 182.8700000000
474 184.5300000000
530 187.7800000000
598 189.2200000000
673 192.5500000000
712 195.4400000000
752 198.4100000000
914 200.6100000000
1027 261.2700000000
1172 286.0300000000
1275 290.8900000000
1294 407.7200000000
1388 431.0400000000
1485 433.7900000000
1499 441.5400000000
1640 491.9400000000
1663 499.8400000000
1712 511.1500000000
1744 528.7700000000
1780 530.6200000000
1793 534.5700000000
1861 538.6800000000
1910 544.2900000000
2003 552.6600000000
2143 560.0600000000
2864 569.8300000000
9103 820.5800000000
9200 846.1200000000
4108 569.8800000000
4377 651.6700000000
4401 671.6600000000
4498 680.3800000000
4533 684.7100000000
4777 687.6400000000
4884 688.5000000000
4924 689.1700000000
4963 701.6400000000
10400 851.9100000000
5413 706.8100000000
5988 721.4200000000
11793 852.1200000000
8466 729.6400000000
8645 731.0200000000
8719 741.9000000000
9379 747.7600000000
10294 788.5900000000
10314 796.3000000000
10325 839.5000000000
10414 840.8700000000
10454 846.7300000000
15176 852.4700000000
15210 865.2500000000
10607 847.5400000000
10642 847.6100000000
10707 853.7800000000
11515 858.9200000000
16838 867.0700000000
17889 869.9700000000
13613 872.9000000000
21344 871.6800000000
27951 872.6700000000
29885 873.6200000000
30436 877.0700000000
36200 880.0300000000
37973 886.8100000000
38300 895.1600000000
39829 904.2100000000
42668 906.4600000000
47710 908.7000000000
61304 881.0400000000
100000 774.1600000000
evaluations raw_y
1 58.2100000000
2 72.7100000000
3 75.5400000000
5 81.6800000000
6 100.6200000000
48 103.9300000000
50 105.4600000000
66 114.2300000000
78 226.8400000000
109 240.3200000000
123 250.2700000000
134 251.7500000000
145 253.7200000000
151 268.0500000000
154 271.2200000000
161 277.5500000000
249 305.3100000000
367 307.5600000000
431 310.6800000000
471 313.6900000000
496 321.2500000000
521 341.8600000000
648 347.3000000000
713 379.4600000000
770 380.9100000000
798 435.5300000000
898 450.7900000000
919 461.0000000000
1008 462.6900000000
1097 468.0800000000
1113 472.0200000000
1136 490.5900000000
1360 504.5600000000
1704 507.7800000000
1752 508.3000000000
1788 511.9500000000
1793 512.2800000000
2135 516.5300000000
2191 519.1100000000
3077 522.9900000000
3091 619.5600000000
3104 623.4600000000
3184 623.7200000000
3198 623.9400000000
3212 636.6800000000
3251 645.7200000000
3407 645.9000000000
3546 647.7600000000
3652 649.0200000000
3702 649.5000000000
3719 652.4000000000
3737 653.4500000000
3878 655.6200000000
4046 656.0300000000
4288 663.0600000000
5204 667.0100000000
100000 835.0000000000
evaluations raw_y
1 64.4200000000
2 75.3300000000
3 79.1500000000
5 82.6100000000
6 97.6300000000
16 100.1100000000
44 108.1900000000
9698 671.9700000000
85 126.4200000000
103 134.5100000000
112 135.5500000000
127 141.6000000000
145 155.9200000000
154 156.7700000000
166 174.7800000000
232 176.6600000000
252 182.8100000000
304 204.9200000000
9799 672.0700000000
408 218.4700000000
557 222.3400000000
616 224.4900000000
631 273.2500000000
669 279.4300000000
732 291.7800000000
10020 674.8100000000
792 305.9200000000
822 317.3400000000
855 322.8900000000
10140 675.1800000000
938 328.4900000000
10162 675.2800000000
10175 677.0200000000
964 339.0300000000
10180 679.7300000000
10189 681.8700000000
996 343.4200000000
10247 684.9500000000
1055 350.4300000000
10298 687.2000000000
1196 351.9700000000
1201 358.3900000000
1277 367.4800000000
1309 378.3600000000
1328 413.5500000000
1343 439.8500000000
1361 460.2300000000
1430 584.4500000000
1478 587.5300000000
1492 596.9900000000
1526 597.1600000000
1629 617.0100000000
11266 752.1800000000
11320 756.2700000000
11336 786.1800000000
11427 794.9400000000
2113 619.5200000000
2123 632.4100000000
11458 802.4000000000
2174 639.6200000000
11574 838.8700000000
11581 845.0400000000
2236 641.6600000000
2266 652.8900000000
11644 847.7100000000
11648 851.5500000000
11678 868.5100000000
2347 655.3200000000
11742 872.5600000000
2532 656.4000000000
11865 872.9700000000
2736 668.8100000000
2763 672.4400000000
2850 684.9100000000
2869 695.7500000000
12237 875.4900000000
12420 883.5600000000
4324 779.5100000000
4490 787.3500000000
4553 789.2900000000
4748 797.1000000000
13857 883.8800000000
5008 798.3000000000
5204 805.1900000000
14968 888.2900000000
14991 888.8300000000
6122 806.4900000000
15342 890.6500000000
15377 894.6600000000
6613 806.9100000000
6730 810.7000000000
15831 900.8000000000
17295 902.0900000000
8945 816.4300000000
21666 904.5000000000
14529 835.0700000000
14606 871.8900000000
14659 876.7800000000
14723 878.2600000000
14947 879.6100000000
14996 884.0900000000
15156 887.6700000000
15465 888.4900000000
15606 890.2100000000
15717 897.5800000000
25159 907.2400000000
17865 898.9700000000
20747 900.1900000000
29415 907.4100000000
22320 905.9700000000
23422 906.6400000000
42298 907.5200000000
48733 908.3000000000
67650 908.1400000000
73709 908.7800000000
88047 908.4700000000
100000 860.0200000000
evaluations raw_y
1 89.9500000000
2 107.1400000000
11 114.9900000000
45 118.3600000000
53 120.8900000000
60 127.5200000000
70 136.7400000000
91 155.2500000000
157 156.9700000000
197 169.0300000000
300 174.0400000000
345 182.5500000000
452 188.8000000000
528 193.7000000000
547 194.2200000000
574 197.3900000000
580 200.0300000000
633 216.8000000000
706 227.7100000000
846 294.2400000000
867 304.9300000000
883 307.0600000000
924 319.0900000000
973 331.7000000000
976 346.0000000000
1095 347.4800000000
1222 353.9900000000
1250 361.0500000000
1321 361.8100000000
1445 363.7100000000
1582 365.3600000000
1823 365.6300000000
1862 367.6000000000
2249 368.5900000000
2380 416.5700000000
2390 436.4500000000
2553 437.1900000000
2613 438.1000000000
2635 438.9800000000
2640 444.0200000000
2758 448.6600000000
2922 455.9400000000
3337 460.1400000000
4621 472.8400000000
4948 472.9000000000
5081 478.9800000000
5223 489.9700000000
5241 495.9300000000
5344 504.3500000000
5475 506.4400000000
5545 508.1400000000
5648 509.2300000000
5710 519.4400000000
5769 527.6100000000
6130 531.1300000000
6554 531.8900000000
6567 536.2800000000
6999 538.3600000000
7222 658.8500000000
7370 667.8100000000
7694 678.7800000000
7984 687.2100000000
8028 688.9300000000
8608 696.7700000000
9965 698.7000000000
13657 737.9400000000
13661 764.8100000000
13681 765.6700000000
13798 774.9500000000
13840 793.9800000000
14071 807.5300000000
100000 736.3000000000
evaluations raw_y
1 79.4100000000
2 100.8500000000
11 118.6800000000
44 119.8200000000
62 132.0800000000
84 295.1100000000
166 311.7300000000
188 311.9900000000
230 315.0600000000
239 315.7900000000
271 318.3600000000
272 325.0000000000
288 332.4000000000
332 360.5500000000
14731 808.8000000000
867 449.1600000000
883 459.7400000000
901 471.6100000000
1028 478.2100000000
1034 485.4500000000
1198 490.2700000000
1245 492.6800000000
1272 501.0100000000
1284 531.0900000000
1353 536.7500000000
1380 541.4900000000
1410 543.3300000000
1414 547.7000000000
1458 550.5800000000
1513 552.9200000000
15390 810.0900000000
1607 560.4300000000
15429 811.5300000000
1699 569.1400000000
2045 571.8500000000
15815 813.5500000000
2108 572.0800000000
2117 575.6200000000
2196 586.8000000000
4060 636.6800000000
4081 640.0000000000
17446 821.6600000000
4121 641.8100000000
4125 643.2600000000
4146 647.3700000000
4238 654.1100000000
4242 658.9800000000
4444 666.6400000000
4460 669.6300000000
4642 674.7900000000
5340 683.4900000000
5545 683.6800000000
5562 686.6200000000
5606 697.4100000000
5739 701.2900000000
6085 708.3200000000
6226 715.1800000000
7377 719.8400000000
7404 725.4100000000
7456 729.4400000000
7604 743.2300000000
7786 750.3800000000
7927 766.8600000000
21967 874.4800000000
21983 886.4100000000
22211 887.2100000000
22302 890.3200000000
22598 897.1600000000
23445 897.5700000000
24607 906.6900000000
27374 914.7300000000
16288 770.6100000000
18084 776.4600000000
18423 849.7100000000
18489 867.0400000000
18654 870.4700000000
18762 878.1000000000
18937 883.0700000000
20290 884.2500000000
21608 884.5000000000
23927 888.7000000000
29792 890.8900000000
48566 891.8000000000
100000 576.5500000000
evaluations raw_y
1 70.9500000000
2 78.3300000000
3 80.1000000000
5 97.2400000000
6 113.2700000000
15 238.7400000000
100 243.9000000000
108 263.8000000000
147 363.4800000000
298 373.8400000000
326 426.8200000000
390 429.0700000000
400 451.4100000000
527 454.4500000000
534 458.2700000000
591 468.8100000000
664 469.0900000000
731 475.0600000000
747 481.0000000000
843 484.9700000000
1003 488.4400000000
1094 592.2900000000
1197 594.9000000000
1212 607.4900000000
1353 610.5700000000
1377 613.1100000000
1411 614.5100000000
1466 635.0400000000
2163 635.1700000000
2621 652.0000000000
5504 652.7600000000
5575 658.3800000000
5842 713.1600000000
5940 734.6200000000
6160 740.2000000000
6327 743.3300000000
6712 746.3100000000
6968 746.4100000000
6982 757.5200000000
7563 760.3200000000
8193 768.9900000000
100000 702.2500000000
evaluations raw_y
1 71.7200000000
2 72.8900000000
5 105.4100000000
15 220.2200000000
67 221.4800000000
85 222.3100000000
93 223.2900000000
100 226.6400000000
123 230.7200000000
141 240.6500000000
169 258.8500000000
203 270.5300000000
306 284.7500000000
380 385.0800000000
423 387.8900000000
426 396.0500000000
461 396.7900000000
466 402.0000000000
469 403.6700000000
487 404.6800000000
496 406.3600000000
513 411.0200000000
519 425.7400000000
687 432.2600000000
895 433.0300000000
905 433.3900000000
1026 446.2800000000
1272 449.2600000000
1447 455.2600000000
1809 456.1300000000
1992 459.2600000000
2021 468.8100000000
2981 470.4900000000
3054 478.5200000000
3504 483.6900000000
3617 528.7600000000
3660 563.0700000000
3672 567.9300000000
3731 574.3300000000
3854 578.4700000000
3880 584.3900000000
3956 591.7400000000
4095 645.9400000000
4143 660.9300000000
4334 669.0500000000
4432 669.5700000000
4434 676.5100000000
4772 677.1500000000
5265 767.5600000000
5345 767.6600000000
5355 769.8800000000
5461 772.4400000000
5463 773.8800000000
5471 775.1700000000
5544 779.8300000000
5664 779.8700000000
17248 809.6300000000
17342 819.8800000000
17376 842.5300000000
17399 859.0400000000
17409 859.1100000000
5833 781.5500000000
17424 861.6800000000
5856 787.4800000000
17497 862.9800000000
17504 863.2800000000
17526 868.4700000000
6063 788.9100000000
17758 872.5400000000
17872 877.7400000000
17966 880.5100000000
6535 794.3100000000
6739 794.3300000000
6777 803.5900000000
6856 805.4100000000
6871 808.6000000000
6945 818.4000000000
7027 820.1300000000
7158 834.2500000000
19203 882.4100000000
7955 835.9600000000
20326 882.7100000000
9191 838.1800000000
20811 884.3500000000
21220 888.2600000000
10395 839.3000000000
12211 843.1500000000
17737 844.1000000000
30035 890.3900000000
24571 844.1800000000
38058 894.9800000000
33200 845.3400000000
48293 897.8300000000
39826 848.5000000000
58528 854.5800000000
58563 862.3600000000
58717 863.2200000000
59047 864.5000000000
59468 865.0000000000
59559 869.3300000000
59787 874.7200000000
62524 875.2700000000
64467 879.5300000000
68836 884.5900000000
70849 885.5300000000
100000 547.1900000000
evaluations raw_y
1 70.4500000000
2 113.4700000000
34 116.3600000000
53 117.2400000000
66 122.9300000000
93 123.6600000000
97 141.9100000000
156 154.9000000000
272 162.1800000000
343 164.7700000000
356 179.5300000000
566 182.5200000000
631 186.3800000000
633 214.6700000000
830 234.3100000000
1560 237.0300000000
1949 254.8700000000
2131 262.1900000000
2298 284.8600000000
2370 288.9000000000
2444 293.1800000000
2597 294.7100000000
2893 301.7900000000
3072 302.0400000000
3109 320.1800000000
3174 320.5500000000
3364 321.5400000000
3405 323.8700000000
3555 373.3600000000
3596 375.3700000000
3605 380.7200000000
3608 383.2800000000
3636 392.0900000000
3642 406.9500000000
3704 420.8000000000
3737 444.0500000000
3924 444.4700000000
3943 450.7600000000
3955 452.6900000000
3976 454.0800000000
4055 456.3900000000
4177 457.1800000000
4250 552.9200000000
4296 568.8900000000
4318 569.9100000000
4357 659.3500000000
4361 685.4200000000
4472 699.1300000000
4559 713.8600000000
4967 720.1000000000
5343 720.2300000000
7918 722.3500000000
9413 725.1800000000
9719 730.1400000000
100000 680.3800000000
evaluations raw_y
1 64.4800000000
2 112.5700000000
15 113.7600000000
47 134.1600000000
48 134.6700000000
84 136.8500000000
122 151.0500000000
176 158.2000000000
199 167.2500000000
214 169.5200000000
230 187.9700000000
424 206.4900000000
512 208.2300000000
528 215.1600000000
593 231.5900000000
598 240.5000000000
770 244.1400000000
868 257.5500000000
1012 258.8300000000
1083 264.8500000000
1121 325.2300000000
1175 335.6600000000
1214 351.0400000000
1227 364.6300000000
1476 365.6000000000
1555 368.1500000000
1772 373.0000000000
11314 777.1000000000
2141 377.7300000000
2285 377.9100000000
11468 785.8600000000
11516 790.5700000000
11586 792.1100000000
11592 794.3500000000
2594 378.7100000000
11773 796.6600000000
3139 379.9000000000
11960 799.0500000000
12174 806.2800000000
3674 383.9200000000
3689 384.5700000000
3978 394.2300000000
5032 460.1500000000
5067 462.2200000000
5081 487.6600000000
5105 491.8500000000
5133 494.1000000000
5141 504.2900000000
5166 558.7800000000
5187 569.8900000000
5230 579.1500000000
5351 588.6600000000
5405 599.5600000000
5478 609.7300000000
5687 650.0700000000
5740 664.0900000000
5854 666.2200000000
5871 673.9300000000
5912 679.7500000000
5916 680.0000000000
5993 683.8800000000
6064 691.2600000000
6251 701.7000000000
6312 713.5200000000
6778 719.0500000000
14736 830.6500000000
14799 866.2700000000
6928 719.6100000000
14915 877.9900000000
14988 883.8600000000
15062 897.1800000000
7730 724.0500000000
15511 897.3900000000
15360 725.6100000000
18613 808.6300000000
18648 822.2600000000
18907 826.8300000000
19081 834.3800000000
19597 837.8300000000
19636 844.0800000000
25377 897.5100000000
25395 851.4900000000
27010 853.3300000000
27076 861.9200000000
27092 865.9000000000
27484 868.1100000000
29484 868.6100000000
29527 871.3600000000
29958 873.4800000000
35845 897.9900000000
30948 876.6100000000
34902 879.3400000000
48467 900.0100000000
61997 900.9300000000
100000 861.0300000000
evaluations raw_y
1 74.4400000000
2 96.5200000000
4 100.5300000000
5 103.6600000000
9 243.8700000000
34 261.9600000000
107 283.8300000000
119 290.8200000000
123 411.0100000000
145 421.8500000000
183 429.1900000000
285 434.6300000000
308 524.3000000000
439 525.8600000000
580 536.0100000000
657 542.4700000000
659 546.0600000000
787 550.7000000000
878 552.1600000000
896 555.2200000000
945 558.8300000000
1143 647.1300000000
1242 654.7300000000
1258 657.4400000000
1274 661.8100000000
1327 681.4300000000
1380 681.8700000000
1432 690.9300000000
1483 692.7800000000
1613 698.0900000000
1742 699.7700000000
1884 702.0000000000
1901 702.1600000000
1952 705.6800000000
1998 711.5300000000
2026 714.4500000000
2754 716.9800000000
2893 718.4200000000
2978 723.6800000000
100000 831.2400000000
evaluations raw_y
1 74.3400000000
2 85.8400000000
4 116.0300000000
9 248.9000000000
34 263.4200000000
97 264.8800000000
100 403.6600000000
115 429.3800000000
222 431.6200000000
260 434.8500000000
264 436.9700000000
286 448.6200000000
335 451.7200000000
436 454.4500000000
441 475.0800000000
484 574.2500000000
542 583.0200000000
598 599.9100000000
717 671.1200000000
765 671.5500000000
846 681.7800000000
4968 728.2700000000
923 686.8700000000
1605 692.1800000000
1675 694.0600000000
1693 695.4100000000
1719 716.5600000000
1770 716.7600000000
1794 723.4200000000
2225 724.9700000000
2420 729.4400000000
2674 730.2100000000
2830 741.0300000000
3189 748.1200000000
4504 749.1600000000
4802 749.3600000000
8747 751.4100000000
4861 751.5500000000
5197 752.3400000000
9182 752.9200000000
5309 753.0000000000
9223 753.0400000000
5394 766.5200000000
9729 757.0400000000
6150 767.0600000000
10612 757.7300000000
6935 767.7300000000
11520 761.5600000000
11848 761.8500000000
11895 762.3600000000
11944 769.5400000000
12007 772.1100000000
12209 780.0800000000
12457 785.7600000000
9154 768.8400000000
12964 787.2900000000
13074 789.9000000000
13309 790.1000000000
13924 791.3600000000
12115 811.7900000000
12197 832.6400000000
12424 833.2700000000
12458 833.7100000000
12711 849.5300000000
16422 792.5400000000
16469 793.5900000000
18702 794.1700000000
19185 796.2700000000
16210 853.6800000000
24320 854.4900000000
32904 796.8600000000
33268 796.9500000000
30402 855.6200000000
33889 803.4600000000
35217 809.0200000000
33234 855.7600000000
37123 823.8100000000
35647 856.8500000000
41284 831.7000000000
41402 833.2300000000
41413 840.2700000000
41438 844.2200000000
41461 860.6600000000
41490 869.3600000000
41719 871.0800000000
41775 873.1800000000
41788 877.1400000000
38399 859.4200000000
41881 884.4600000000
41970 885.9900000000
42850 888.2300000000
41133 862.6600000000
46662 890.2600000000
48264 891.0600000000
48543 892.6300000000
46298 863.5400000000
46630 863.7400000000
46742 867.2800000000
46793 875.5500000000
49159 896.5200000000
47407 875.8000000000
49084 877.4400000000
56469 879.4200000000
63362 880.3700000000
72047 883.4400000000
100000 570.3100000000
evaluations raw_y
1 67.4600000000
2 93.8000000000
8 95.6200000000
27 103.1800000000
40 106.8500000000
41 114.8300000000
59 115.0500000000
76 118.4500000000
78 121.4800000000
82 122.8100000000
98 144.4300000000
144 155.9200000000
156 157.4900000000
211 158.5800000000
246 162.9400000000
301 174.8400000000
340 182.0400000000
385 191.0000000000
501 202.9800000000
627 205.5000000000
664 227.6600000000
685 240.8300000000
726 245.1500000000
767 251.1100000000
811 277.1700000000
819 330.8100000000
862 340.7600000000
870 345.9000000000
883 352.8600000000
885 358.7900000000
893 369.4600000000
941 371.7100000000
961 375.8200000000
966 378.3700000000
981 385.1900000000
1088 393.7500000000
1104 400.8500000000
1260 493.5100000000
1267 515.0000000000
1312 522.4900000000
1335 523.3800000000
1349 526.4200000000
1358 528.8200000000
1375 531.4600000000
1399 535.5300000000
1409 536.5500000000
1434 536.7700000000
1451 542.0600000000
1481 556.0500000000
1632 558.4800000000
1751 559.4700000000
1813 564.5100000000
1869 568.7100000000
2129 570.5500000000
2192 578.7000000000
2222 586.6600000000
2373 587.1200000000
2395 601.6000000000
2504 610.2300000000
3048 614.8300000000
3143 617.1900000000
3155 631.3600000000
4116 631.9900000000
4420 686.7200000000
4454 693.7000000000
4511 710.5000000000
5015 717.7500000000
5919 722.8500000000
99355 902.8500000000
100000 779.5700000000
evaluations raw_y
1 64.0600000000
2 96.6700000000
8 108.6400000000
31 110.6100000000
58 113.2200000000
84 117.1000000000
89 118.5500000000
90 122.1400000000
93 129.1800000000
97 140.0900000000
129 213.1200000000
165 218.9700000000
195 242.1900000000
210 247.0300000000
302 267.9300000000
378 272.7900000000
391 274.4300000000
459 275.8500000000
464 275.9100000000
465 279.4200000000
493 286.8100000000
495 290.2700000000
532 292.6400000000
578 298.9100000000
589 300.0000000000
596 300.5600000000
634 302.7100000000
786 370.9800000000
851 386.4300000000
940 386.8800000000
943 396.9600000000
960 400.8600000000
1009 401.0500000000
1028 404.4000000000
1038 406.4500000000
1042 415.3900000000
1072 417.7500000000
1150 432.4700000000
1196 437.9200000000
1371 438.2000000000
1410 438.3800000000
1418 438.6000000000
1420 440.1500000000
1580 475.4400000000
1597 482.1100000000
1704 482.3500000000
1712 486.4100000000
1737 498.7900000000
1750 504.1600000000
8459 726.8300000000
1835 518.6700000000
2061 526.5100000000
2089 529.1400000000
2165 531.9000000000
2207 533.3400000000
2221 550.1200000000
8874 833.1700000000
2433 550.7900000000
8991 833.7900000000
9113 843.8500000000
2647 552.9200000000
2787 557.5200000000
9401 846.5200000000
3377 560.3200000000
3598 561.8700000000
9962 846.5900000000
4292 564.5900000000
4471 565.7500000000
5589 565.8000000000
11457 855.9800000000
5999 580.8000000000
6011 649.1500000000
6037 652.3600000000
6074 661.8600000000
6103 662.0800000000
6112 662.7800000000
6136 662.8300000000
6161 663.9300000000
6171 668.0900000000
6195 683.8700000000
6241 686.1500000000
6295 689.9400000000
6464 689.9700000000
6600 690.1300000000
6616 692.8900000000
6855 693.9200000000
6902 694.0800000000
6922 698.4600000000
7145 699.1500000000
7171 699.6900000000
13177 860.9500000000
7748 709.5600000000
8726 713.7100000000
9450 717.3500000000
9802 720.3600000000
10675 724.9400000000
16633 725.1000000000
23630 864.9600000000
23762 866.9600000000
23966 867.2000000000
24083 869.3300000000
24093 871.0400000000
24188 873.0700000000
24931 876.2300000000
25149 879.7400000000
25173 882.2800000000
20921 802.5700000000
21035 808.8500000000
21117 811.2700000000
21122 817.5300000000
21370 819.9700000000
21428 822.4600000000
21476 827.1000000000
21489 827.1300000000
21519 827.9900000000
21550 830.9400000000
21556 835.5500000000
21591 841.6200000000
21681 846.7900000000
27525 882.8900000000
24381 849.0900000000
32130 883.5000000000
34377 887.0400000000
29433 851.2400000000
29670 853.8600000000
29805 855.4000000000
45968 889.5300000000
54013 856.6600000000
64700 895.7000000000
71034 858.1900000000
88820 862.9100000000
100000 867.3600000000
evaluations raw_y
1 93.8600000000
2 100.4500000000
5 106.6600000000
6 116.0500000000
43 127.2800000000
94 129.9900000000
114 134.3300000000
130 145.5500000000
142 147.6000000000
190 165.9700000000
223 169.3300000000
227 172.7600000000
242 273.4700000000
315 327.1300000000
367 443.7700000000
419 447.0600000000
481 448.6900000000
515 456.4000000000
545 465.6000000000
560 466.6500000000
665 482.8100000000
872 494.1300000000
959 503.5100000000
968 504.1500000000
998 510.5400000000
1166 510.6100000000
1326 520.1600000000
1381 520.8200000000
1407 523.8700000000
1416 525.0100000000
1565 536.5200000000
2308 537.8900000000
2867 593.8400000000
3026 618.7100000000
3057 645.9100000000
3140 655.5300000000
3171 666.8100000000
3174 669.4400000000
3242 689.1500000000
3288 689.9500000000
3329 705.6100000000
3701 710.6200000000
3763 710.8300000000
3818 712.6200000000
3848 717.6200000000
4251 722.2600000000
4552 732.5500000000
5060 735.2400000000
100000 810.2200000000
evaluations raw_y
1 87.2600000000
2 92.9600000000
5 105.6200000000
12 106.3100000000
18 128.4300000000
64 131.7500000000
70 133.8000000000
100 135.8900000000
104 141.4600000000
127 144.4900000000
130 147.5200000000
133 153.8500000000
179 157.8900000000
189 158.5200000000
201 163.3500000000
237 172.9300000000
254 182.1100000000
324 190.0000000000
347 195.4200000000
538 209.1200000000
729 209.7900000000
771 215.5400000000
1273 311.4700000000
1301 324.9600000000
7794 736.9700000000
1386 328.2400000000
1390 354.4300000000
1426 378.5400000000
1577 381.6500000000
1582 385.3300000000
1754 386.1100000000
1755 393.9200000000
1803 490.6500000000
1823 499.9400000000
1857 501.5200000000
1930 516.8200000000
1958 524.8900000000
2088 524.9300000000
2132 527.9900000000
2374 548.6800000000
2402 580.0200000000
2469 586.9100000000
2488 597.3000000000
2648 603.2200000000
2840 610.1700000000
3462 689.5900000000
3587 696.1300000000
3662 697.6800000000
3707 699.6000000000
3837 706.8700000000
4088 708.0000000000
10406 739.1900000000
10540 746.5300000000
10660 747.3100000000
10683 749.7000000000
10722 749.9700000000
4794 714.2700000000
10818 751.6100000000
10840 754.5600000000
11617 760.4000000000
6080 714.9900000000
6315 717.9000000000
6605 809.4400000000
6649 815.9500000000
6825 817.5100000000
7071 819.3600000000
13135 857.3400000000
13302 866.4800000000
13425 868.8800000000
13519 871.4100000000
13547 878.8000000000
7831 824.1200000000
14020 879.0400000000
14288 888.7400000000
8921 835.4300000000
10616 835.5700000000
11527 843.8900000000
12813 847.4800000000
13208 849.0700000000
20551 893.5000000000
14613 854.9200000000
14946 858.1900000000
16099 858.4800000000
16213 859.5000000000
17584 862.6600000000
19029 863.6200000000
21058 865.0900000000
23948 871.1000000000
25872 876.8800000000
25969 879.2500000000
26189 885.7100000000
26741 887.9200000000
27241 892.9100000000
27328 892.9200000000
30244 895.0100000000
30758 900.3800000000
35598 901.3100000000
35693 901.4400000000
38032 901.9900000000
39887 904.3300000000
42477 905.2700000000
48808 911.3400000000
100000 664.5700000000
evaluations raw_y
1 112.3400000000
5 125.4400000000
43 127.3300000000
45 139.5500000000
104 145.8900000000
123 155.2500000000
160 181.5200000000
171 200.8000000000
181 221.6100000000
216 234.0300000000
242 235.8100000000
260 250.4600000000
326 253.2000000000
356 254.5600000000
379 376.9300000000
424 385.4500000000
447 401.1900000000
645 405.4700000000
680 416.2700000000
702 419.6300000000
768 421.5500000000
796 423.3000000000
811 426.4800000000
942 430.0000000000
1001 433.3000000000
1102 434.3200000000
1117 444.6800000000
1222 508.0800000000
1332 514.1100000000
1335 524.0900000000
1400 530.2300000000
1401 532.5300000000
1443 549.7700000000
1541 550.8100000000
2100 556.4300000000
2298 557.3200000000
2610 561.4500000000
2987 561.5000000000
4703 639.8500000000
4729 651.8400000000
4765 655.2800000000
4822 665.0400000000
4974 669.3200000000
5159 674.6000000000
5172 749.0300000000
5209 760.7000000000
5228 778.3300000000
5422 783.9500000000
5577 785.5000000000
5595 792.3300000000
5827 797.0600000000
6008 799.7300000000
6205 800.6000000000
6568 802.2300000000
6821 809.3800000000
8601 823.0400000000
8864 828.9700000000
9092 829.8700000000
9191 830.6400000000
9254 837.2900000000
10079 840.3900000000
100000 877.4500000000
evaluations raw_y
1 120.1900000000
5 121.3400000000
47 134.1900000000
108 142.8900000000
135 143.5000000000
146 144.5500000000
165 147.0900000000
172 159.5700000000
199 163.7900000000
202 175.0500000000
268 178.3200000000
411 184.8500000000
533 185.5400000000
572 191.5200000000
635 201.2000000000
750 204.0800000000
810 307.7600000000
901 323.8100000000
932 329.7500000000
1131 346.5500000000
1218 425.5900000000
1222 428.3200000000
1301 439.1900000000
1338 439.5600000000
1343 446.0500000000
1360 447.8600000000
1388 457.1800000000
10810 842.6300000000
1577 459.8900000000
1620 460.9500000000
1660 466.8400000000
1676 467.7800000000
1784 475.2800000000
2543 513.8400000000
2610 523.7100000000
2694 546.0800000000
2763 551.2500000000
2841 558.3000000000
2973 560.4600000000
3035 571.0600000000
12234 844.3800000000
3922 582.0100000000
4045 588.4200000000
12458 850.7300000000
4184 602.0900000000
4544 609.4500000000
4953 627.0700000000
4972 640.7600000000
4990 663.4000000000
5028 667.0800000000
5037 667.7000000000
5053 673.1300000000
5089 682.6900000000
5121 682.7700000000
5281 684.1600000000
5312 691.9300000000
5904 695.2200000000
6204 697.5100000000
6717 698.4400000000
7125 702.6800000000
8118 704.1500000000
9424 704.4900000000
9905 706.7200000000
12476 712.7400000000
20284 853.3700000000
