evaluations raw_y
1 -1913.0000000000
3 -1912.0000000000
5 -1909.0000000000
15 -1908.0000000000
19 -1907.0000000000
20 -1906.0000000000
33 -1905.0000000000
34 -1904.0000000000
35 -1903.0000000000
40 -1902.0000000000
41 -1901.0000000000
42 -1900.0000000000
45 -1899.0000000000
49 -1898.0000000000
54 -1897.0000000000
61 -1896.0000000000
63 -1895.0000000000
64 -1894.0000000000
67 -1893.0000000000
69 -1892.0000000000
80 -1891.0000000000
90 -1890.0000000000
93 -1889.0000000000
96 -1888.0000000000
97 -1886.0000000000
100 -1885.0000000000
103 -1884.0000000000
104 -1883.0000000000
105 -1882.0000000000
106 -1880.0000000000
114 -1879.0000000000
116 -1878.0000000000
119 -1877.0000000000
124 -1876.0000000000
127 -1875.0000000000
128 -1873.0000000000
129 -1872.0000000000
131 -1871.0000000000
132 -1870.0000000000
135 -1869.0000000000
138 -1867.0000000000
139 -1866.0000000000
144 -1865.0000000000
147 -1863.0000000000
149 -1862.0000000000
150 -1861.0000000000
152 -1860.0000000000
153 -1859.0000000000
163 -1858.0000000000
173 -1857.0000000000
175 -1855.0000000000
176 -1854.0000000000
177 -1853.0000000000
185 -1852.0000000000
186 -1851.0000000000
196 -1850.0000000000
200 -1849.0000000000
202 -1848.0000000000
206 -1847.0000000000
208 -1846.0000000000
211 -1845.0000000000
214 -1844.0000000000
223 -1843.0000000000
224 -1842.0000000000
228 -1841.0000000000
229 -1840.0000000000
232 -1839.0000000000
233 -1838.0000000000
235 -1837.0000000000
237 -1836.0000000000
257 -1835.0000000000
268 -1834.0000000000
269 -1833.0000000000
271 -1832.0000000000
274 -1831.0000000000
275 -1827.0000000000
277 -1826.0000000000
280 -1825.0000000000
281 -1824.0000000000
283 -1822.0000000000
287 -1821.0000000000
288 -1820.0000000000
290 -1819.0000000000
291 -1817.0000000000
292 -1815.0000000000
302 -1814.0000000000
307 -1813.0000000000
311 -1812.0000000000
313 -1811.0000000000
324 -1808.0000000000
325 -1807.0000000000
326 -1806.0000000000
327 -1805.0000000000
330 -1803.0000000000
338 -1802.0000000000
339 -1801.0000000000
348 -1800.0000000000
352 -1799.0000000000
354 -1798.0000000000
358 -1796.0000000000
360 -1795.0000000000
362 -1794.0000000000
366 -1793.0000000000
367 -1792.0000000000
371 -1791.0000000000
377 -1789.0000000000
380 -1788.0000000000
386 -1786.0000000000
392 -1785.0000000000
403 -1784.0000000000
406 -1783.0000000000
411 -1782.0000000000
414 -1781.0000000000
416 -1780.0000000000
421 -1778.0000000000
427 -1777.0000000000
428 -1776.0000000000
430 -1775.0000000000
440 -1773.0000000000
441 -1772.0000000000
445 -1771.0000000000
446 -1770.0000000000
460 -1769.0000000000
461 -1768.0000000000
462 -1767.0000000000
467 -1766.0000000000
468 -1765.0000000000
472 -1764.0000000000
476 -1763.0000000000
478 -1762.0000000000
479 -1761.0000000000
482 -1760.0000000000
487 -1759.0000000000
488 -1758.0000000000
489 -1757.0000000000
490 -1755.0000000000
492 -1754.0000000000
497 -1752.0000000000
503 -1751.0000000000
505 -1749.0000000000
506 -1748.0000000000
511 -1747.0000000000
512 -1746.0000000000
513 -1745.0000000000
521 -1744.0000000000
522 -1741.0000000000
525 -1740.0000000000
532 -1739.0000000000
535 -1738.0000000000
539 -1737.0000000000
541 -1736.0000000000
544 -1735.0000000000
549 -1734.0000000000
551 -1733.0000000000
553 -1731.0000000000
554 -1730.0000000000
556 -1729.0000000000
573 -1727.0000000000
578 -1726.0000000000
580 -1725.0000000000
589 -1724.0000000000
590 -1723.0000000000
591 -1722.0000000000
600 -1720.0000000000
610 -1717.0000000000
611 -1716.0000000000
618 -1715.0000000000
620 -1714.0000000000
630 -1713.0000000000
631 -1712.0000000000
640 -1709.0000000000
643 -1708.0000000000
646 -1705.0000000000
648 -1704.0000000000
657 -1703.0000000000
658 -1702.0000000000
663 -1701.0000000000
666 -1700.0000000000
668 -1699.0000000000
674 -1698.0000000000
677 -1697.0000000000
678 -1695.0000000000
685 -1694.0000000000
687 -1692.0000000000
695 -1691.0000000000
699 -1690.0000000000
700 -1689.0000000000
705 -1688.0000000000
707 -1686.0000000000
711 -1685.0000000000
712 -1683.0000000000
714 -1682.0000000000
718 -1681.0000000000
719 -1680.0000000000
720 -1678.0000000000
729 -1676.0000000000
734 -1675.0000000000
737 -1674.0000000000
739 -1673.0000000000
741 -1672.0000000000
749 -1671.0000000000
757 -1670.0000000000
764 -1669.0000000000
776 -1668.0000000000
777 -1667.0000000000
791 -1666.0000000000
796 -1664.0000000000
800 -1663.0000000000
807 -1662.0000000000
809 -1661.0000000000
811 -1660.0000000000
812 -1658.0000000000
813 -1657.0000000000
814 -1656.0000000000
816 -1655.0000000000
817 -1654.0000000000
820 -1653.0000000000
821 -1652.0000000000
825 -1651.0000000000
829 -1650.0000000000
835 -1649.0000000000
839 -1648.0000000000
841 -1647.0000000000
845 -1646.0000000000
846 -1645.0000000000
857 -1644.0000000000
867 -1642.0000000000
869 -1641.0000000000
872 -1640.0000000000
873 -1637.0000000000
879 -1636.0000000000
897 -1635.0000000000
903 -1634.0000000000
904 -1633.0000000000
908 -1632.0000000000
910 -1631.0000000000
917 -1630.0000000000
921 -1629.0000000000
924 -1628.0000000000
928 -1627.0000000000
933 -1626.0000000000
935 -1625.0000000000
939 -1624.0000000000
945 -1623.0000000000
949 -1622.0000000000
951 -1621.0000000000
952 -1620.0000000000
957 -1619.0000000000
958 -1618.0000000000
959 -1615.0000000000
961 -1614.0000000000
963 -1613.0000000000
964 -1612.0000000000
965 -1611.0000000000
966 -1610.0000000000
975 -1609.0000000000
976 -1608.0000000000
980 -1606.0000000000
982 -1605.0000000000
983 -1604.0000000000
984 -1603.0000000000
988 -1602.0000000000
989 -1601.0000000000
994 -1599.0000000000
996 -1598.0000000000
1000 -1597.0000000000
1004 -1596.0000000000
1009 -1595.0000000000
1010 -1594.0000000000
1025 -1593.0000000000
1029 -1591.0000000000
1031 -1589.0000000000
1040 -1588.0000000000
1044 -1587.0000000000
1045 -1586.0000000000
1048 -1585.0000000000
1051 -1584.0000000000
1052 -1583.0000000000
1067 -1582.0000000000
1081 -1580.0000000000
1086 -1579.0000000000
1095 -1578.0000000000
1096 -1577.0000000000
1103 -1576.0000000000
1106 -1575.0000000000
1113 -1574.0000000000
1126 -1572.0000000000
1131 -1571.0000000000
1140 -1568.0000000000
1145 -1567.0000000000
1146 -1564.0000000000
1148 -1563.0000000000
1151 -1562.0000000000
1152 -1561.0000000000
1156 -1560.0000000000
1157 -1559.0000000000
1168 -1558.0000000000
1174 -1557.0000000000
1177 -1556.0000000000
1179 -1554.0000000000
1183 -1553.0000000000
1193 -1552.0000000000
1198 -1551.0000000000
1200 -1550.0000000000
1223 -1549.0000000000
1228 -1548.0000000000
1237 -1547.0000000000
1240 -1546.0000000000
1242 -1544.0000000000
1254 -1542.0000000000
1258 -1541.0000000000
1260 -1540.0000000000
1267 -1539.0000000000
1272 -1538.0000000000
1276 -1537.0000000000
1284 -1535.0000000000
1295 -1534.0000000000
1297 -1533.0000000000
1300 -1532.0000000000
1303 -1531.0000000000
1304 -1529.0000000000
1314 -1528.0000000000
1316 -1527.0000000000
1318 -1526.0000000000
1337 -1524.0000000000
1338 -1523.0000000000
1340 -1522.0000000000
1344 -1521.0000000000
1351 -1519.0000000000
1353 -1518.0000000000
1356 -1516.0000000000
1358 -1515.0000000000
1359 -1514.0000000000
1378 -1513.0000000000
1385 -1512.0000000000
1387 -1511.0000000000
1388 -1510.0000000000
1390 -1508.0000000000
1391 -1507.0000000000
1416 -1506.0000000000
1420 -1504.0000000000
1424 -1503.0000000000
1428 -1502.0000000000
1444 -1501.0000000000
1448 -1500.0000000000
1449 -1499.0000000000
1452 -1498.0000000000
1453 -1497.0000000000
1455 -1495.0000000000
1459 -1494.0000000000
1466 -1493.0000000000
1470 -1492.0000000000
1472 -1491.0000000000
1490 -1490.0000000000
1499 -1489.0000000000
1500 -1488.0000000000
1504 -1487.0000000000
1509 -1485.0000000000
1512 -1483.0000000000
1524 -1482.0000000000
1534 -1481.0000000000
1540 -1479.0000000000
1543 -1478.0000000000
1551 -1477.0000000000
1557 -1476.0000000000
1563 -1475.0000000000
1567 -1474.0000000000
1571 -1473.0000000000
1575 -1472.0000000000
1577 -1471.0000000000
1579 -1470.0000000000
1584 -1469.0000000000
1586 -1467.0000000000
1588 -1466.0000000000
1591 -1465.0000000000
1592 -1464.0000000000
1604 -1463.0000000000
1610 -1462.0000000000
1613 -1461.0000000000
1622 -1460.0000000000
1630 -1459.0000000000
1636 -1458.0000000000
1639 -1457.0000000000
1640 -1456.0000000000
1645 -1455.0000000000
1651 -1454.0000000000
1657 -1453.0000000000
1658 -1452.0000000000
1672 -1451.0000000000
1673 -1450.0000000000
1681 -1448.0000000000
1682 -1447.0000000000
1688 -1446.0000000000
1718 -1445.0000000000
1722 -1444.0000000000
1728 -1443.0000000000
1731 -1442.0000000000
1733 -1441.0000000000
1740 -1440.0000000000
1744 -1438.0000000000
1754 -1437.0000000000
1759 -1436.0000000000
1763 -1435.0000000000
1764 -1434.0000000000
1765 -1433.0000000000
1766 -1431.0000000000
1767 -1430.0000000000
1768 -1429.0000000000
1775 -1428.0000000000
1777 -1425.0000000000
1779 -1423.0000000000
1782 -1421.0000000000
1788 -1420.0000000000
1789 -1419.0000000000
1794 -1418.0000000000
1800 -1417.0000000000
1803 -1415.0000000000
1808 -1414.0000000000
1815 -1413.0000000000
1819 -1412.0000000000
1821 -1410.0000000000
1829 -1409.0000000000
1833 -1407.0000000000
1835 -1406.0000000000
1847 -1405.0000000000
1849 -1404.0000000000
1861 -1403.0000000000
1862 -1402.0000000000
1863 -1401.0000000000
1875 -1400.0000000000
1887 -1399.0000000000
1890 -1396.0000000000
1896 -1395.0000000000
1900 -1394.0000000000
1903 -1393.0000000000
1907 -1392.0000000000
1909 -1391.0000000000
1912 -1390.0000000000
1915 -1388.0000000000
1916 -1387.0000000000
1920 -1386.0000000000
1923 -1385.0000000000
1924 -1384.0000000000
1926 -1383.0000000000
1934 -1382.0000000000
1939 -1380.0000000000
1945 -1379.0000000000
1948 -1378.0000000000
1951 -1377.0000000000
1952 -1376.0000000000
1954 -1375.0000000000
1957 -1374.0000000000
1958 -1373.0000000000
1970 -1372.0000000000
1978 -1371.0000000000
1980 -1370.0000000000
1984 -1368.0000000000
1988 -1367.0000000000
1989 -1365.0000000000
1999 -1364.0000000000
2009 -1363.0000000000
2015 -1362.0000000000
2020 -1360.0000000000
2023 -1359.0000000000
2028 -1358.0000000000
2049 -1357.0000000000
2052 -1356.0000000000
2062 -1355.0000000000
2063 -1354.0000000000
2076 -1353.0000000000
2085 -1352.0000000000
2086 -1350.0000000000
2087 -1349.0000000000
2089 -1348.0000000000
2091 -1347.0000000000
2096 -1346.0000000000
2097 -1345.0000000000
2098 -1344.0000000000
2103 -1343.0000000000
2108 -1342.0000000000
2114 -1341.0000000000
2144 -1340.0000000000
2153 -1339.0000000000
2169 -1338.0000000000
2190 -1337.0000000000
2191 -1335.0000000000
2198 -1334.0000000000
2207 -1333.0000000000
2212 -1332.0000000000
2214 -1331.0000000000
2219 -1330.0000000000
2221 -1329.0000000000
2228 -1328.0000000000
2254 -1327.0000000000
2255 -1326.0000000000
2259 -1324.0000000000
2267 -1323.0000000000
2273 -1320.0000000000
2274 -1319.0000000000
2279 -1318.0000000000
2281 -1317.0000000000
2282 -1316.0000000000
2289 -1315.0000000000
2317 -1314.0000000000
2325 -1313.0000000000
2327 -1312.0000000000
2337 -1311.0000000000
2344 -1310.0000000000
2348 -1309.0000000000
2349 -1308.0000000000
2358 -1305.0000000000
2360 -1304.0000000000
2369 -1303.0000000000
2372 -1302.0000000000
2387 -1301.0000000000
2390 -1300.0000000000
2396 -1297.0000000000
2399 -1296.0000000000
2402 -1294.0000000000
2403 -1293.0000000000
2420 -1292.0000000000
2441 -1291.0000000000
2451 -1290.0000000000
2453 -1289.0000000000
2466 -1288.0000000000
2468 -1287.0000000000
2469 -1286.0000000000
2470 -1285.0000000000
2474 -1284.0000000000
2476 -1283.0000000000
2484 -1282.0000000000
2489 -1281.0000000000
2494 -1279.0000000000
2516 -1277.0000000000
2524 -1276.0000000000
2534 -1275.0000000000
2539 -1274.0000000000
2542 -1273.0000000000
2543 -1272.0000000000
2545 -1271.0000000000
2546 -1268.0000000000
2550 -1267.0000000000
2551 -1266.0000000000
2552 -1265.0000000000
2565 -1264.0000000000
2567 -1263.0000000000
2585 -1262.0000000000
2586 -1261.0000000000
2604 -1260.0000000000
2606 -1259.0000000000
2610 -1258.0000000000
2620 -1257.0000000000
2628 -1255.0000000000
2629 -1254.0000000000
2631 -1252.0000000000
2640 -1251.0000000000
2648 -1250.0000000000
2655 -1248.0000000000
2660 -1247.0000000000
2661 -1245.0000000000
2662 -1244.0000000000
2666 -1241.0000000000
2667 -1239.0000000000
2668 -1237.0000000000
2671 -1236.0000000000
2692 -1235.0000000000
2694 -1234.0000000000
2697 -1233.0000000000
2706 -1232.0000000000
2708 -1231.0000000000
2709 -1230.0000000000
2710 -1229.0000000000
2733 -1227.0000000000
2738 -1226.0000000000
2740 -1225.0000000000
2742 -1224.0000000000
2745 -1223.0000000000
2767 -1222.0000000000
2770 -1221.0000000000
2774 -1220.0000000000
2784 -1219.0000000000
2786 -1218.0000000000
2795 -1217.0000000000
2802 -1216.0000000000
2803 -1215.0000000000
2810 -1214.0000000000
2812 -1212.0000000000
2818 -1210.0000000000
2824 -1208.0000000000
2836 -1207.0000000000
2847 -1206.0000000000
2862 -1205.0000000000
2883 -1203.0000000000
2886 -1202.0000000000
2888 -1201.0000000000
2900 -1200.0000000000
2901 -1199.0000000000
2906 -1198.0000000000
2910 -1197.0000000000
2919 -1195.0000000000
2922 -1194.0000000000
2947 -1192.0000000000
2949 -1191.0000000000
2950 -1188.0000000000
2953 -1187.0000000000
2965 -1186.0000000000
2970 -1184.0000000000
2978 -1183.0000000000
2998 -1181.0000000000
3002 -1180.0000000000
3005 -1179.0000000000
3015 -1178.0000000000
3031 -1177.0000000000
3034 -1176.0000000000
3046 -1175.0000000000
3057 -1174.0000000000
3064 -1173.0000000000
3067 -1172.0000000000
3071 -1171.0000000000
3074 -1170.0000000000
3092 -1169.0000000000
3103 -1167.0000000000
3107 -1166.0000000000
3113 -1165.0000000000
3128 -1163.0000000000
3133 -1161.0000000000
3145 -1160.0000000000
3150 -1159.0000000000
3153 -1158.0000000000
3155 -1157.0000000000
3162 -1156.0000000000
3164 -1154.0000000000
3165 -1153.0000000000
3169 -1150.0000000000
3209 -1149.0000000000
3210 -1148.0000000000
3224 -1147.0000000000
3226 -1146.0000000000
3228 -1145.0000000000
3241 -1144.0000000000
3248 -1143.0000000000
3249 -1142.0000000000
3252 -1141.0000000000
3256 -1139.0000000000
3265 -1138.0000000000
3275 -1136.0000000000
3280 -1135.0000000000
3281 -1134.0000000000
3289 -1133.0000000000
3292 -1132.0000000000
3306 -1130.0000000000
3311 -1129.0000000000
3315 -1128.0000000000
3317 -1126.0000000000
3328 -1125.0000000000
3339 -1124.0000000000
3354 -1123.0000000000
3375 -1122.0000000000
3386 -1121.0000000000
3393 -1120.0000000000
3396 -1119.0000000000
3401 -1118.0000000000
3416 -1116.0000000000
3429 -1114.0000000000
3431 -1113.0000000000
3441 -1112.0000000000
3448 -1111.0000000000
3451 -1108.0000000000
3460 -1107.0000000000
3464 -1106.0000000000
3471 -1104.0000000000
3475 -1103.0000000000
3477 -1102.0000000000
3481 -1101.0000000000
3484 -1100.0000000000
3490 -1099.0000000000
3494 -1098.0000000000
3497 -1096.0000000000
3502 -1095.0000000000
3513 -1094.0000000000
3516 -1093.0000000000
3517 -1092.0000000000
3522 -1091.0000000000
3531 -1090.0000000000
3534 -1089.0000000000
3535 -1088.0000000000
3537 -1087.0000000000
3540 -1086.0000000000
3545 -1085.0000000000
3563 -1083.0000000000
3564 -1082.0000000000
3570 -1081.0000000000
3580 -1080.0000000000
3590 -1079.0000000000
3592 -1078.0000000000
3593 -1075.0000000000
3594 -1074.0000000000
3596 -1073.0000000000
3601 -1071.0000000000
3610 -1070.0000000000
3626 -1069.0000000000
3628 -1068.0000000000
3629 -1067.0000000000
3634 -1066.0000000000
3648 -1064.0000000000
3659 -1063.0000000000
3666 -1062.0000000000
3675 -1060.0000000000
3677 -1059.0000000000
3694 -1058.0000000000
3707 -1057.0000000000
3708 -1056.0000000000
3714 -1055.0000000000
3715 -1054.0000000000
3716 -1053.0000000000
3726 -1052.0000000000
3730 -1051.0000000000
3741 -1050.0000000000
3746 -1049.0000000000
3750 -1048.0000000000
3759 -1047.0000000000
3760 -1046.0000000000
3766 -1045.0000000000
3777 -1044.0000000000
3783 -1043.0000000000
3798 -1042.0000000000
3799 -1041.0000000000
3804 -1040.0000000000
3806 -1039.0000000000
3807 -1038.0000000000
3812 -1036.0000000000
3814 -1035.0000000000
3815 -1034.0000000000
3819 -1033.0000000000
3835 -1032.0000000000
3839 -1031.0000000000
3865 -1030.0000000000
3873 -1028.0000000000
3875 -1026.0000000000
3877 -1025.0000000000
3878 -1024.0000000000
3887 -1023.0000000000
3900 -1022.0000000000
3908 -1021.0000000000
3921 -1020.0000000000
3928 -1018.0000000000
3934 -1017.0000000000
3941 -1016.0000000000
3943 -1015.0000000000
3945 -1014.0000000000
3969 -1013.0000000000
3979 -1012.0000000000
3981 -1011.0000000000
3988 -1010.0000000000
3993 -1009.0000000000
4002 -1007.0000000000
4016 -1006.0000000000
4018 -1005.0000000000
4020 -1004.0000000000
4034 -1003.0000000000
4035 -1002.0000000000
4055 -1001.0000000000
4064 -999.0000000000
4065 -997.0000000000
4067 -996.0000000000
4069 -995.0000000000
4070 -994.0000000000
4081 -991.0000000000
4084 -990.0000000000
4098 -989.0000000000
4100 -988.0000000000
4109 -987.0000000000
4110 -986.0000000000
4111 -985.0000000000
4127 -984.0000000000
4133 -983.0000000000
4161 -982.0000000000
4163 -981.0000000000
4173 -980.0000000000
4180 -977.0000000000
4186 -974.0000000000
4188 -973.0000000000
4193 -971.0000000000
4196 -970.0000000000
4200 -969.0000000000
4207 -968.0000000000
4216 -966.0000000000
4249 -965.0000000000
4257 -964.0000000000
4264 -963.0000000000
4273 -962.0000000000
4277 -961.0000000000
4286 -960.0000000000
4311 -958.0000000000
4318 -957.0000000000
4323 -956.0000000000
4332 -955.0000000000
4337 -954.0000000000
4367 -952.0000000000
4371 -951.0000000000
4374 -950.0000000000
4377 -949.0000000000
4402 -948.0000000000
4422 -947.0000000000
4424 -946.0000000000
4431 -944.0000000000
4442 -943.0000000000
4444 -942.0000000000
4452 -941.0000000000
4454 -940.0000000000
4458 -938.0000000000
4469 -937.0000000000
4470 -936.0000000000
4471 -935.0000000000
4472 -934.0000000000
4475 -933.0000000000
4478 -932.0000000000
4503 -931.0000000000
4504 -930.0000000000
4518 -929.0000000000
4530 -927.0000000000
4532 -926.0000000000
4544 -925.0000000000
4553 -924.0000000000
4556 -923.0000000000
4566 -922.0000000000
4568 -921.0000000000
4576 -920.0000000000
4577 -919.0000000000
4607 -918.0000000000
4616 -917.0000000000
4627 -916.0000000000
4632 -915.0000000000
4636 -914.0000000000
4641 -912.0000000000
4644 -910.0000000000
4666 -909.0000000000
4671 -908.0000000000
4686 -907.0000000000
4694 -905.0000000000
4706 -904.0000000000
4715 -903.0000000000
4719 -902.0000000000
4731 -901.0000000000
4735 -900.0000000000
4736 -899.0000000000
4739 -898.0000000000
4742 -896.0000000000
4746 -895.0000000000
4747 -894.0000000000
4766 -893.0000000000
4772 -892.0000000000
4786 -891.0000000000
4791 -890.0000000000
4795 -889.0000000000
4797 -888.0000000000
4799 -887.0000000000
4801 -885.0000000000
4804 -884.0000000000
4806 -883.0000000000
4809 -882.0000000000
4810 -881.0000000000
4811 -879.0000000000
4838 -877.0000000000
4851 -875.0000000000
4857 -872.0000000000
4860 -871.0000000000
4862 -870.0000000000
4865 -869.0000000000
4868 -868.0000000000
4881 -867.0000000000
4882 -866.0000000000
4898 -865.0000000000
4911 -864.0000000000
4929 -863.0000000000
4937 -862.0000000000
4941 -860.0000000000
4953 -859.0000000000
4959 -858.0000000000
4986 -857.0000000000
4988 -856.0000000000
4991 -855.0000000000
5003 -854.0000000000
5028 -853.0000000000
5034 -852.0000000000
5039 -851.0000000000
5041 -850.0000000000
5045 -849.0000000000
5048 -848.0000000000
5050 -846.0000000000
5053 -845.0000000000
5055 -844.0000000000
5059 -843.0000000000
5064 -842.0000000000
5068 -841.0000000000
5072 -840.0000000000
5076 -839.0000000000
5082 -838.0000000000
5084 -836.0000000000
5090 -834.0000000000
5102 -833.0000000000
5113 -832.0000000000
5114 -831.0000000000
5117 -830.0000000000
5119 -829.0000000000
5151 -828.0000000000
5158 -827.0000000000
5164 -826.0000000000
5168 -825.0000000000
5174 -824.0000000000
5176 -823.0000000000
5177 -821.0000000000
5180 -820.0000000000
5208 -819.0000000000
5215 -817.0000000000
5217 -816.0000000000
5241 -814.0000000000
5255 -813.0000000000
5264 -812.0000000000
5273 -811.0000000000
5280 -810.0000000000
5306 -809.0000000000
5308 -808.0000000000
5318 -806.0000000000
5320 -805.0000000000
5335 -804.0000000000
5344 -803.0000000000
5348 -802.0000000000
5351 -801.0000000000
5394 -800.0000000000
5402 -799.0000000000
5405 -798.0000000000
5406 -797.0000000000
5417 -796.0000000000
5424 -795.0000000000
5427 -794.0000000000
5433 -793.0000000000
5452 -792.0000000000
5460 -791.0000000000
5486 -790.0000000000
5522 -789.0000000000
5527 -788.0000000000
5528 -787.0000000000
5537 -786.0000000000
5557 -785.0000000000
5560 -784.0000000000
5564 -783.0000000000
5574 -782.0000000000
5577 -781.0000000000
5602 -780.0000000000
5603 -779.0000000000
5610 -778.0000000000
5613 -777.0000000000
5616 -776.0000000000
5636 -775.0000000000
5654 -774.0000000000
5660 -772.0000000000
5682 -771.0000000000
5689 -770.0000000000
5706 -769.0000000000
5709 -768.0000000000
5720 -767.0000000000
5726 -765.0000000000
5752 -764.0000000000
5755 -762.0000000000
5766 -761.0000000000
5785 -760.0000000000
5789 -759.0000000000
5794 -758.0000000000
5799 -757.0000000000
5800 -756.0000000000
5808 -754.0000000000
5809 -752.0000000000
5833 -751.0000000000
5837 -750.0000000000
5844 -749.0000000000
5859 -748.0000000000
5863 -747.0000000000
5870 -746.0000000000
5880 -745.0000000000
5893 -744.0000000000
5904 -743.0000000000
5906 -742.0000000000
5915 -739.0000000000
5922 -738.0000000000
5940 -737.0000000000
5945 -736.0000000000
5954 -735.0000000000
5979 -734.0000000000
5980 -733.0000000000
5990 -732.0000000000
5999 -731.0000000000
6002 -730.0000000000
6018 -729.0000000000
6032 -728.0000000000
6035 -727.0000000000
6051 -726.0000000000
6074 -725.0000000000
6077 -724.0000000000
6088 -723.0000000000
6090 -722.0000000000
6092 -721.0000000000
6093 -720.0000000000
6095 -719.0000000000
6145 -718.0000000000
6182 -717.0000000000
6199 -716.0000000000
6212 -715.0000000000
6218 -714.0000000000
6223 -713.0000000000
6241 -712.0000000000
6244 -711.0000000000
6262 -710.0000000000
6268 -708.0000000000
6271 -707.0000000000
6295 -706.0000000000
6297 -705.0000000000
6309 -704.0000000000
6341 -703.0000000000
6342 -702.0000000000
6349 -701.0000000000
6354 -700.0000000000
6380 -699.0000000000
6381 -698.0000000000
6390 -697.0000000000
6395 -696.0000000000
6406 -695.0000000000
6418 -694.0000000000
6424 -693.0000000000
6426 -692.0000000000
6435 -691.0000000000
6444 -690.0000000000
6446 -689.0000000000
6455 -688.0000000000
6459 -686.0000000000
6460 -685.0000000000
6468 -683.0000000000
6471 -682.0000000000
6473 -681.0000000000
6489 -680.0000000000
6490 -679.0000000000
6525 -678.0000000000
6540 -677.0000000000
6555 -676.0000000000
6593 -675.0000000000
6604 -674.0000000000
6613 -673.0000000000
6629 -672.0000000000
6633 -671.0000000000
6645 -670.0000000000
6694 -669.0000000000
6696 -668.0000000000
6705 -667.0000000000
6710 -666.0000000000
6725 -665.0000000000
6729 -664.0000000000
6739 -663.0000000000
6762 -662.0000000000
6764 -661.0000000000
6771 -660.0000000000
6795 -659.0000000000
6800 -658.0000000000
6830 -657.0000000000
6849 -656.0000000000
6854 -655.0000000000
6864 -654.0000000000
6874 -653.0000000000
6877 -652.0000000000
6884 -651.0000000000
6895 -650.0000000000
6904 -649.0000000000
6933 -648.0000000000
6939 -647.0000000000
6949 -646.0000000000
6958 -645.0000000000
6967 -644.0000000000
6972 -643.0000000000
7028 -642.0000000000
7045 -640.0000000000
7068 -639.0000000000
7092 -638.0000000000
7102 -637.0000000000
7120 -636.0000000000
7122 -635.0000000000
7129 -634.0000000000
7132 -633.0000000000
7144 -632.0000000000
7152 -631.0000000000
7175 -630.0000000000
7183 -629.0000000000
7196 -628.0000000000
7204 -627.0000000000
7229 -626.0000000000
7244 -625.0000000000
7252 -624.0000000000
7259 -623.0000000000
7272 -622.0000000000
7280 -621.0000000000
7285 -620.0000000000
7293 -619.0000000000
7303 -618.0000000000
7340 -617.0000000000
7358 -616.0000000000
7364 -615.0000000000
7378 -614.0000000000
7383 -613.0000000000
7426 -612.0000000000
7431 -611.0000000000
7441 -610.0000000000
7450 -609.0000000000
7455 -608.0000000000
7456 -607.0000000000
7513 -606.0000000000
7531 -605.0000000000
7544 -604.0000000000
7559 -603.0000000000
7562 -602.0000000000
7578 -601.0000000000
7583 -600.0000000000
7586 -599.0000000000
7631 -598.0000000000
7637 -597.0000000000
7656 -596.0000000000
7677 -595.0000000000
7681 -594.0000000000
7688 -593.0000000000
7733 -592.0000000000
7763 -591.0000000000
7789 -590.0000000000
7790 -589.0000000000
7800 -588.0000000000
7804 -587.0000000000
7833 -586.0000000000
7858 -585.0000000000
7861 -584.0000000000
7863 -583.0000000000
7885 -582.0000000000
7888 -581.0000000000
7922 -580.0000000000
7954 -579.0000000000
7955 -578.0000000000
7961 -577.0000000000
7966 -576.0000000000
7982 -575.0000000000
8004 -574.0000000000
8008 -571.0000000000
8035 -569.0000000000
8056 -568.0000000000
8057 -567.0000000000
8060 -566.0000000000
8067 -565.0000000000
8071 -564.0000000000
8101 -563.0000000000
8105 -562.0000000000
8108 -560.0000000000
8129 -559.0000000000
8142 -558.0000000000
8144 -557.0000000000
8178 -556.0000000000
8184 -555.0000000000
8204 -554.0000000000
8209 -553.0000000000
8224 -552.0000000000
8235 -551.0000000000
8282 -550.0000000000
8289 -549.0000000000
8300 -548.0000000000
8324 -547.0000000000
8333 -546.0000000000
8338 -545.0000000000
8362 -544.0000000000
8409 -543.0000000000
8411 -542.0000000000
8423 -540.0000000000
8424 -539.0000000000
8429 -538.0000000000
8434 -537.0000000000
8508 -536.0000000000
8523 -535.0000000000
8530 -534.0000000000
8543 -533.0000000000
8551 -532.0000000000
8552 -531.0000000000
8582 -530.0000000000
8586 -529.0000000000
8607 -528.0000000000
8621 -527.0000000000
8627 -526.0000000000
8638 -524.0000000000
8643 -523.0000000000
8646 -521.0000000000
8670 -519.0000000000
8683 -518.0000000000
8689 -517.0000000000
8713 -516.0000000000
8717 -515.0000000000
8754 -514.0000000000
8796 -513.0000000000
8812 -512.0000000000
8841 -511.0000000000
8844 -510.0000000000
8859 -509.0000000000
8868 -508.0000000000
8903 -507.0000000000
8905 -506.0000000000
8906 -505.0000000000
8911 -504.0000000000
8971 -503.0000000000
8983 -502.0000000000
9013 -501.0000000000
9017 -500.0000000000
9035 -499.0000000000
9037 -498.0000000000
9050 -497.0000000000
9097 -496.0000000000
9099 -495.0000000000
9127 -494.0000000000
9132 -493.0000000000
9148 -492.0000000000
9150 -491.0000000000
9156 -490.0000000000
9207 -488.0000000000
9225 -487.0000000000
9242 -486.0000000000
9256 -485.0000000000
9294 -484.0000000000
9296 -483.0000000000
9311 -482.0000000000
9370 -481.0000000000
9399 -480.0000000000
9404 -479.0000000000
9423 -478.0000000000
9440 -477.0000000000
9442 -476.0000000000
9444 -475.0000000000
9446 -474.0000000000
9460 -473.0000000000
9467 -472.0000000000
9507 -471.0000000000
9522 -470.0000000000
9541 -469.0000000000
9550 -468.0000000000
9570 -466.0000000000
9625 -465.0000000000
9628 -464.0000000000
9631 -463.0000000000
9639 -462.0000000000
9643 -461.0000000000
9693 -460.0000000000
9729 -459.0000000000
9750 -458.0000000000
9767 -457.0000000000
9776 -456.0000000000
9798 -455.0000000000
9802 -454.0000000000
9869 -453.0000000000
9879 -452.0000000000
9884 -451.0000000000
9906 -450.0000000000
9907 -449.0000000000
9914 -448.0000000000
9945 -447.0000000000
9949 -446.0000000000
9950 -445.0000000000
9965 -444.0000000000
9981 -443.0000000000
9986 -442.0000000000
10003 -441.0000000000
10022 -440.0000000000
10029 -439.0000000000
10034 -438.0000000000
10035 -437.0000000000
10061 -436.0000000000
10089 -435.0000000000
10091 -434.0000000000
10101 -433.0000000000
10110 -432.0000000000
10142 -431.0000000000
10162 -430.0000000000
10165 -429.0000000000
10190 -428.0000000000
10191 -427.0000000000
10194 -426.0000000000
10199 -425.0000000000
10201 -424.0000000000
10223 -423.0000000000
10253 -422.0000000000
10261 -420.0000000000
10298 -419.0000000000
10300 -418.0000000000
10319 -417.0000000000
10321 -416.0000000000
10327 -415.0000000000
10352 -414.0000000000
10353 -413.0000000000
10369 -412.0000000000
10379 -410.0000000000
10403 -409.0000000000
10430 -408.0000000000
10436 -407.0000000000
10437 -406.0000000000
10468 -405.0000000000
10485 -404.0000000000
10514 -403.0000000000
10521 -402.0000000000
10566 -401.0000000000
10567 -400.0000000000
10636 -399.0000000000
10660 -398.0000000000
10721 -397.0000000000
10726 -396.0000000000
10734 -395.0000000000
10740 -394.0000000000
10752 -393.0000000000
10800 -392.0000000000
10827 -391.0000000000
10854 -390.0000000000
10872 -389.0000000000
10905 -388.0000000000
10911 -387.0000000000
10920 -385.0000000000
10961 -384.0000000000
10980 -383.0000000000
10982 -382.0000000000
10987 -381.0000000000
11009 -380.0000000000
11040 -379.0000000000
11045 -378.0000000000
11056 -377.0000000000
11070 -376.0000000000
11093 -375.0000000000
11095 -374.0000000000
11108 -373.0000000000
11123 -372.0000000000
11152 -371.0000000000
11231 -370.0000000000
11258 -369.0000000000
11280 -368.0000000000
11373 -366.0000000000
11406 -365.0000000000
11408 -364.0000000000
11428 -363.0000000000
11437 -361.0000000000
11466 -359.0000000000
11468 -358.0000000000
11477 -357.0000000000
11532 -356.0000000000
11538 -355.0000000000
11549 -354.0000000000
11553 -353.0000000000
11589 -352.0000000000
11615 -351.0000000000
11624 -350.0000000000
11629 -349.0000000000
11637 -348.0000000000
11669 -347.0000000000
11672 -346.0000000000
11717 -345.0000000000
11760 -344.0000000000
11764 -343.0000000000
11785 -342.0000000000
11812 -341.0000000000
11871 -340.0000000000
11874 -339.0000000000
11942 -338.0000000000
11997 -336.0000000000
12021 -335.0000000000
12025 -334.0000000000
12032 -333.0000000000
12064 -332.0000000000
12073 -331.0000000000
12074 -330.0000000000
12087 -329.0000000000
12091 -328.0000000000
12116 -326.0000000000
12122 -325.0000000000
12129 -324.0000000000
12206 -322.0000000000
12213 -321.0000000000
12248 -320.0000000000
12312 -319.0000000000
12341 -318.0000000000
12350 -317.0000000000
12352 -316.0000000000
12373 -315.0000000000
12382 -314.0000000000
12386 -313.0000000000
12429 -312.0000000000
12437 -311.0000000000
12463 -310.0000000000
12464 -309.0000000000
12476 -308.0000000000
12486 -307.0000000000
12505 -306.0000000000
12526 -305.0000000000
12572 -304.0000000000
12574 -303.0000000000
12613 -302.0000000000
12668 -301.0000000000
12740 -300.0000000000
12795 -299.0000000000
12865 -298.0000000000
12919 -297.0000000000
12934 -296.0000000000
12936 -294.0000000000
13013 -293.0000000000
13027 -292.0000000000
13079 -291.0000000000
13139 -289.0000000000
13173 -288.0000000000
13181 -287.0000000000
13190 -286.0000000000
13225 -285.0000000000
13235 -284.0000000000
13246 -283.0000000000
13253 -282.0000000000
13291 -281.0000000000
13322 -280.0000000000
13367 -279.0000000000
13398 -278.0000000000
13407 -277.0000000000
13419 -275.0000000000
13457 -274.0000000000
13483 -273.0000000000
13512 -272.0000000000
13514 -271.0000000000
13522 -270.0000000000
13534 -269.0000000000
13544 -268.0000000000
13554 -267.0000000000
13556 -266.0000000000
13561 -265.0000000000
13629 -264.0000000000
13706 -263.0000000000
13711 -262.0000000000
13725 -261.0000000000
13741 -260.0000000000
13802 -259.0000000000
13807 -258.0000000000
13821 -257.0000000000
13831 -256.0000000000
13836 -255.0000000000
13933 -254.0000000000
14025 -253.0000000000
14111 -252.0000000000
14137 -251.0000000000
14171 -250.0000000000
14253 -249.0000000000
14281 -248.0000000000
14294 -247.0000000000
14296 -246.0000000000
14303 -245.0000000000
14401 -244.0000000000
14435 -243.0000000000
14454 -242.0000000000
14471 -241.0000000000
14517 -240.0000000000
14541 -239.0000000000
14571 -238.0000000000
14578 -237.0000000000
14613 -236.0000000000
14668 -235.0000000000
14720 -233.0000000000
14738 -231.0000000000
14741 -230.0000000000
14757 -229.0000000000
14762 -228.0000000000
14779 -227.0000000000
14814 -226.0000000000
14850 -225.0000000000
14864 -224.0000000000
14890 -223.0000000000
14931 -222.0000000000
14949 -221.0000000000
15100 -220.0000000000
15101 -219.0000000000
15130 -218.0000000000
15145 -217.0000000000
15156 -215.0000000000
15168 -214.0000000000
15179 -213.0000000000
15333 -212.0000000000
15355 -211.0000000000
15427 -210.0000000000
15447 -209.0000000000
15463 -208.0000000000
15466 -207.0000000000
15467 -205.0000000000
15490 -204.0000000000
15499 -203.0000000000
15604 -202.0000000000
15620 -201.0000000000
15628 -200.0000000000
15683 -199.0000000000
15705 -198.0000000000
15731 -197.0000000000
15738 -196.0000000000
15760 -195.0000000000
15761 -194.0000000000
15783 -193.0000000000
15917 -192.0000000000
15999 -191.0000000000
16011 -190.0000000000
16013 -189.0000000000
16052 -188.0000000000
16097 -187.0000000000
16117 -186.0000000000
16130 -185.0000000000
16143 -184.0000000000
16188 -183.0000000000
16193 -182.0000000000
16222 -181.0000000000
16224 -180.0000000000
16249 -179.0000000000
16291 -178.0000000000
16342 -177.0000000000
16357 -176.0000000000
16372 -175.0000000000
16432 -174.0000000000
16447 -173.0000000000
16494 -171.0000000000
16502 -169.0000000000
16557 -168.0000000000
16623 -167.0000000000
16631 -166.0000000000
16635 -165.0000000000
16647 -164.0000000000
16650 -163.0000000000
16670 -162.0000000000
16672 -161.0000000000
16719 -160.0000000000
16769 -159.0000000000
16856 -158.0000000000
16866 -157.0000000000
16882 -156.0000000000
16924 -155.0000000000
16944 -154.0000000000
16962 -153.0000000000
16991 -152.0000000000
16993 -151.0000000000
17076 -150.0000000000
17079 -149.0000000000
17116 -148.0000000000
17119 -146.0000000000
17128 -145.0000000000
17133 -144.0000000000
17197 -143.0000000000
17208 -142.0000000000
17234 -141.0000000000
17314 -140.0000000000
17328 -139.0000000000
17352 -138.0000000000
17499 -137.0000000000
17500 -136.0000000000
17520 -135.0000000000
17530 -134.0000000000
17532 -133.0000000000
17637 -132.0000000000
17762 -131.0000000000
17788 -130.0000000000
17838 -129.0000000000
17840 -128.0000000000
17843 -127.0000000000
17845 -126.0000000000
17866 -124.0000000000
17893 -123.0000000000
17958 -122.0000000000
18050 -121.0000000000
18130 -120.0000000000
18134 -119.0000000000
18162 -118.0000000000
18181 -117.0000000000
18189 -116.0000000000
18259 -115.0000000000
18263 -114.0000000000
18372 -113.0000000000
18422 -112.0000000000
18476 -111.0000000000
18488 -110.0000000000
18499 -109.0000000000
18535 -108.0000000000
18685 -107.0000000000
18699 -106.0000000000
18774 -105.0000000000
18860 -104.0000000000
18871 -103.0000000000
18947 -102.0000000000
18955 -101.0000000000
19010 -100.0000000000
19043 -99.0000000000
19066 -98.0000000000
19080 -97.0000000000
19295 -96.0000000000
19397 -95.0000000000
19425 -94.0000000000
19466 -93.0000000000
19591 -92.0000000000
19616 -91.0000000000
19670 -90.0000000000
19711 -89.0000000000
19744 -88.0000000000
19792 -87.0000000000
19951 -86.0000000000
20022 -85.0000000000
20096 -84.0000000000
20102 -83.0000000000
20144 -82.0000000000
20154 -81.0000000000
20207 -80.0000000000
20243 -79.0000000000
20327 -78.0000000000
20337 -77.0000000000
20348 -76.0000000000
20418 -75.0000000000
20466 -74.0000000000
20551 -73.0000000000
20665 -72.0000000000
20674 -71.0000000000
20695 -70.0000000000
20697 -69.0000000000
20708 -68.0000000000
20798 -66.0000000000
20926 -65.0000000000
20927 -64.0000000000
20981 -63.0000000000
21113 -62.0000000000
21165 -61.0000000000
21167 -60.0000000000
21319 -59.0000000000
21326 -58.0000000000
21401 -57.0000000000
21446 -56.0000000000
21480 -55.0000000000
21590 -54.0000000000
21638 -53.0000000000
21653 -52.0000000000
21708 -51.0000000000
21736 -50.0000000000
21763 -49.0000000000
21851 -48.0000000000
21883 -47.0000000000
21903 -46.0000000000
21961 -45.0000000000
21987 -44.0000000000
22114 -43.0000000000
22176 -42.0000000000
22236 -41.0000000000
22497 -40.0000000000
22531 -39.0000000000
22669 -38.0000000000
22755 -37.0000000000
22769 -36.0000000000
23091 -35.0000000000
23174 -34.0000000000
23201 -33.0000000000
23242 -32.0000000000
23263 -31.0000000000
23322 -30.0000000000
23331 -29.0000000000
23541 -28.0000000000
23729 -27.0000000000
23915 -26.0000000000
23931 -25.0000000000
23943 -24.0000000000
24085 -23.0000000000
24103 -22.0000000000
24179 -21.0000000000
24300 -20.0000000000
24363 -19.0000000000
24623 -18.0000000000
24698 -17.0000000000
24750 -16.0000000000
24760 -15.0000000000
24851 -14.0000000000
24856 -13.0000000000
24937 -12.0000000000
25310 -11.0000000000
25335 -10.0000000000
25352 -9.0000000000
25530 -8.0000000000
25598 -7.0000000000
25685 -6.0000000000
25740 -5.0000000000
25765 -4.0000000000
26044 -3.0000000000
26348 -2.0000000000
26443 -1.0000000000
26525 539.5800000000
26526 559.3200000000
26527 581.3100000000
26609 588.1700000000
26672 588.6800000000
27354 594.7400000000
29934 605.3800000000
37896 606.8100000000
40644 641.6300000000
40647 642.7200000000
40653 652.2000000000
40685 654.1400000000
40698 657.0400000000
40741 657.6600000000
40753 658.4200000000
40782 658.5100000000
40917 667.2800000000
40943 676.4200000000
41109 679.7400000000
46745 680.5500000000
49238 682.4200000000
53998 684.9000000000
68955 691.8100000000
73599 734.8800000000
73612 739.1300000000
73626 742.3800000000
73629 759.0800000000
73698 762.1700000000
74718 762.2800000000
74860 762.9000000000
75107 766.9800000000
75421 770.7300000000
80744 773.4500000000
83230 773.4600000000
84542 776.4400000000
100000 -1.0000000000
