evaluations raw_y
1 -1913.0000000000
3 -1912.0000000000
4 -1911.0000000000
8 -1910.0000000000
9 -1909.0000000000
11 -1908.0000000000
14 -1907.0000000000
16 -1906.0000000000
17 -1905.0000000000
18 -1904.0000000000
19 -1903.0000000000
20 -1902.0000000000
22 -1901.0000000000
24 -1900.0000000000
25 -1899.0000000000
26 -1898.0000000000
27 -1897.0000000000
30 -1896.0000000000
31 -1895.0000000000
33 -1894.0000000000
34 -1893.0000000000
38 -1892.0000000000
39 -1891.0000000000
40 -1890.0000000000
42 -1889.0000000000
43 -1888.0000000000
44 -1887.0000000000
45 -1886.0000000000
48 -1885.0000000000
50 -1884.0000000000
54 -1883.0000000000
56 -1882.0000000000
57 -1881.0000000000
58 -1880.0000000000
59 -1879.0000000000
60 -1878.0000000000
61 -1877.0000000000
63 -1876.0000000000
64 -1875.0000000000
66 -1874.0000000000
69 -1873.0000000000
70 -1872.0000000000
71 -1871.0000000000
73 -1870.0000000000
74 -1869.0000000000
76 -1868.0000000000
78 -1867.0000000000
80 -1866.0000000000
85 -1865.0000000000
86 -1864.0000000000
87 -1863.0000000000
89 -1862.0000000000
93 -1861.0000000000
95 -1860.0000000000
96 -1859.0000000000
99 -1858.0000000000
100 -1857.0000000000
102 -1856.0000000000
103 -1855.0000000000
106 -1854.0000000000
110 -1853.0000000000
111 -1852.0000000000
112 -1851.0000000000
113 -1850.0000000000
115 -1849.0000000000
118 -1848.0000000000
119 -1847.0000000000
121 -1846.0000000000
122 -1845.0000000000
123 -1844.0000000000
125 -1843.0000000000
130 -1842.0000000000
131 -1841.0000000000
132 -1840.0000000000
134 -1839.0000000000
135 -1838.0000000000
137 -1837.0000000000
138 -1836.0000000000
142 -1835.0000000000
143 -1834.0000000000
145 -1833.0000000000
146 -1832.0000000000
147 -1831.0000000000
152 -1830.0000000000
156 -1829.0000000000
158 -1828.0000000000
159 -1827.0000000000
161 -1826.0000000000
162 -1825.0000000000
163 -1824.0000000000
165 -1823.0000000000
168 -1822.0000000000
171 -1821.0000000000
172 -1820.0000000000
173 -1819.0000000000
175 -1818.0000000000
176 -1817.0000000000
179 -1816.0000000000
180 -1815.0000000000
181 -1814.0000000000
184 -1813.0000000000
185 -1812.0000000000
186 -1811.0000000000
187 -1810.0000000000
189 -1809.0000000000
193 -1808.0000000000
194 -1807.0000000000
198 -1806.0000000000
201 -1805.0000000000
202 -1804.0000000000
203 -1803.0000000000
207 -1802.0000000000
208 -1801.0000000000
210 -1800.0000000000
212 -1799.0000000000
213 -1798.0000000000
215 -1797.0000000000
216 -1796.0000000000
217 -1795.0000000000
218 -1794.0000000000
223 -1793.0000000000
224 -1792.0000000000
226 -1791.0000000000
227 -1790.0000000000
229 -1789.0000000000
232 -1788.0000000000
233 -1787.0000000000
234 -1786.0000000000
237 -1785.0000000000
238 -1784.0000000000
242 -1783.0000000000
243 -1782.0000000000
247 -1781.0000000000
250 -1780.0000000000
251 -1779.0000000000
252 -1778.0000000000
256 -1777.0000000000
260 -1776.0000000000
261 -1775.0000000000
263 -1774.0000000000
264 -1773.0000000000
265 -1772.0000000000
267 -1771.0000000000
269 -1770.0000000000
270 -1769.0000000000
271 -1768.0000000000
273 -1767.0000000000
277 -1766.0000000000
279 -1765.0000000000
280 -1764.0000000000
282 -1763.0000000000
284 -1762.0000000000
285 -1761.0000000000
287 -1760.0000000000
294 -1759.0000000000
295 -1758.0000000000
300 -1757.0000000000
301 -1756.0000000000
305 -1755.0000000000
307 -1754.0000000000
311 -1753.0000000000
312 -1752.0000000000
317 -1751.0000000000
318 -1750.0000000000
319 -1749.0000000000
322 -1748.0000000000
326 -1747.0000000000
328 -1746.0000000000
329 -1745.0000000000
330 -1744.0000000000
333 -1743.0000000000
338 -1742.0000000000
339 -1741.0000000000
340 -1740.0000000000
341 -1739.0000000000
343 -1738.0000000000
344 -1737.0000000000
346 -1736.0000000000
348 -1735.0000000000
349 -1734.0000000000
354 -1733.0000000000
356 -1732.0000000000
358 -1731.0000000000
360 -1730.0000000000
361 -1729.0000000000
363 -1728.0000000000
365 -1727.0000000000
366 -1726.0000000000
371 -1725.0000000000
372 -1724.0000000000
373 -1723.0000000000
375 -1722.0000000000
376 -1721.0000000000
377 -1720.0000000000
379 -1719.0000000000
380 -1718.0000000000
381 -1717.0000000000
383 -1716.0000000000
384 -1715.0000000000
388 -1714.0000000000
392 -1713.0000000000
397 -1712.0000000000
398 -1711.0000000000
400 -1710.0000000000
403 -1709.0000000000
404 -1708.0000000000
405 -1707.0000000000
407 -1706.0000000000
409 -1705.0000000000
410 -1704.0000000000
411 -1703.0000000000
413 -1702.0000000000
414 -1701.0000000000
418 -1700.0000000000
421 -1699.0000000000
422 -1698.0000000000
424 -1697.0000000000
426 -1696.0000000000
427 -1695.0000000000
428 -1694.0000000000
430 -1693.0000000000
433 -1692.0000000000
435 -1691.0000000000
437 -1690.0000000000
439 -1689.0000000000
441 -1688.0000000000
442 -1687.0000000000
443 -1686.0000000000
445 -1685.0000000000
447 -1684.0000000000
450 -1683.0000000000
453 -1682.0000000000
454 -1681.0000000000
455 -1680.0000000000
456 -1679.0000000000
457 -1678.0000000000
460 -1677.0000000000
461 -1676.0000000000
463 -1675.0000000000
464 -1674.0000000000
465 -1673.0000000000
466 -1672.0000000000
467 -1671.0000000000
469 -1670.0000000000
470 -1669.0000000000
472 -1668.0000000000
473 -1667.0000000000
474 -1666.0000000000
475 -1665.0000000000
476 -1664.0000000000
477 -1663.0000000000
478 -1662.0000000000
480 -1661.0000000000
485 -1660.0000000000
487 -1659.0000000000
488 -1658.0000000000
490 -1657.0000000000
492 -1656.0000000000
495 -1655.0000000000
496 -1654.0000000000
497 -1653.0000000000
498 -1652.0000000000
500 -1651.0000000000
502 -1650.0000000000
503 -1649.0000000000
506 -1648.0000000000
507 -1647.0000000000
511 -1646.0000000000
515 -1645.0000000000
518 -1644.0000000000
520 -1643.0000000000
521 -1642.0000000000
522 -1641.0000000000
523 -1640.0000000000
524 -1639.0000000000
527 -1638.0000000000
528 -1637.0000000000
531 -1636.0000000000
533 -1635.0000000000
535 -1634.0000000000
538 -1633.0000000000
539 -1632.0000000000
543 -1631.0000000000
546 -1630.0000000000
547 -1629.0000000000
548 -1628.0000000000
549 -1627.0000000000
550 -1626.0000000000
553 -1625.0000000000
557 -1624.0000000000
560 -1623.0000000000
564 -1622.0000000000
565 -1621.0000000000
566 -1620.0000000000
567 -1619.0000000000
569 -1618.0000000000
573 -1617.0000000000
587 -1616.0000000000
597 -1615.0000000000
602 -1614.0000000000
603 -1613.0000000000
605 -1612.0000000000
606 -1611.0000000000
607 -1610.0000000000
611 -1609.0000000000
613 -1608.0000000000
618 -1607.0000000000
622 -1606.0000000000
624 -1605.0000000000
625 -1604.0000000000
626 -1603.0000000000
628 -1602.0000000000
631 -1601.0000000000
635 -1600.0000000000
636 -1599.0000000000
637 -1598.0000000000
638 -1597.0000000000
639 -1596.0000000000
641 -1595.0000000000
643 -1594.0000000000
646 -1593.0000000000
650 -1592.0000000000
653 -1591.0000000000
656 -1590.0000000000
657 -1589.0000000000
658 -1588.0000000000
659 -1587.0000000000
666 -1586.0000000000
673 -1585.0000000000
674 -1584.0000000000
681 -1583.0000000000
682 -1582.0000000000
683 -1581.0000000000
687 -1580.0000000000
689 -1579.0000000000
690 -1578.0000000000
691 -1577.0000000000
692 -1576.0000000000
694 -1575.0000000000
695 -1574.0000000000
697 -1573.0000000000
699 -1572.0000000000
701 -1571.0000000000
705 -1570.0000000000
706 -1569.0000000000
711 -1568.0000000000
715 -1567.0000000000
720 -1566.0000000000
721 -1565.0000000000
723 -1564.0000000000
724 -1563.0000000000
725 -1562.0000000000
729 -1561.0000000000
731 -1560.0000000000
732 -1559.0000000000
738 -1558.0000000000
739 -1557.0000000000
740 -1556.0000000000
745 -1555.0000000000
749 -1554.0000000000
750 -1553.0000000000
751 -1552.0000000000
753 -1551.0000000000
766 -1550.0000000000
768 -1549.0000000000
771 -1548.0000000000
775 -1547.0000000000
779 -1546.0000000000
780 -1545.0000000000
781 -1544.0000000000
782 -1543.0000000000
785 -1542.0000000000
789 -1541.0000000000
790 -1540.0000000000
794 -1539.0000000000
796 -1538.0000000000
799 -1537.0000000000
800 -1536.0000000000
801 -1535.0000000000
802 -1534.0000000000
803 -1533.0000000000
804 -1532.0000000000
805 -1531.0000000000
813 -1530.0000000000
815 -1529.0000000000
821 -1528.0000000000
824 -1527.0000000000
825 -1526.0000000000
826 -1525.0000000000
830 -1524.0000000000
831 -1523.0000000000
832 -1522.0000000000
838 -1521.0000000000
839 -1520.0000000000
840 -1519.0000000000
843 -1518.0000000000
844 -1517.0000000000
845 -1516.0000000000
849 -1515.0000000000
850 -1514.0000000000
852 -1513.0000000000
855 -1512.0000000000
857 -1511.0000000000
861 -1510.0000000000
866 -1509.0000000000
867 -1508.0000000000
868 -1507.0000000000
869 -1506.0000000000
873 -1505.0000000000
875 -1504.0000000000
876 -1503.0000000000
879 -1502.0000000000
882 -1501.0000000000
884 -1500.0000000000
885 -1499.0000000000
886 -1498.0000000000
889 -1497.0000000000
891 -1496.0000000000
892 -1495.0000000000
893 -1494.0000000000
894 -1493.0000000000
900 -1492.0000000000
901 -1491.0000000000
903 -1490.0000000000
904 -1489.0000000000
906 -1488.0000000000
909 -1487.0000000000
911 -1486.0000000000
912 -1485.0000000000
916 -1484.0000000000
918 -1483.0000000000
919 -1482.0000000000
924 -1481.0000000000
925 -1480.0000000000
931 -1479.0000000000
936 -1478.0000000000
939 -1477.0000000000
941 -1476.0000000000
942 -1475.0000000000
946 -1474.0000000000
954 -1473.0000000000
955 -1472.0000000000
956 -1471.0000000000
961 -1470.0000000000
963 -1469.0000000000
965 -1468.0000000000
966 -1467.0000000000
967 -1466.0000000000
969 -1465.0000000000
970 -1464.0000000000
971 -1463.0000000000
973 -1462.0000000000
975 -1461.0000000000
976 -1460.0000000000
977 -1459.0000000000
978 -1458.0000000000
983 -1457.0000000000
986 -1456.0000000000
989 -1455.0000000000
990 -1454.0000000000
992 -1453.0000000000
995 -1452.0000000000
999 -1451.0000000000
1000 -1450.0000000000
1002 -1449.0000000000
1003 -1448.0000000000
1008 -1447.0000000000
1010 -1446.0000000000
1011 -1445.0000000000
1012 -1444.0000000000
1013 -1443.0000000000
1019 -1442.0000000000
1020 -1441.0000000000
1022 -1440.0000000000
1024 -1439.0000000000
1025 -1438.0000000000
1026 -1437.0000000000
1036 -1436.0000000000
1038 -1435.0000000000
1039 -1434.0000000000
1045 -1433.0000000000
1051 -1432.0000000000
1052 -1431.0000000000
1057 -1430.0000000000
1058 -1429.0000000000
1064 -1428.0000000000
1065 -1427.0000000000
1066 -1426.0000000000
1075 -1425.0000000000
1077 -1424.0000000000
1078 -1423.0000000000
1080 -1422.0000000000
1081 -1421.0000000000
1083 -1420.0000000000
1089 -1419.0000000000
1091 -1418.0000000000
1093 -1417.0000000000
1097 -1416.0000000000
1098 -1415.0000000000
1099 -1414.0000000000
1101 -1413.0000000000
1108 -1412.0000000000
1110 -1411.0000000000
1118 -1410.0000000000
1121 -1409.0000000000
1124 -1408.0000000000
1125 -1407.0000000000
1128 -1406.0000000000
1131 -1405.0000000000
1136 -1404.0000000000
1138 -1403.0000000000
1141 -1402.0000000000
1143 -1401.0000000000
1146 -1400.0000000000
1149 -1399.0000000000
1152 -1398.0000000000
1154 -1397.0000000000
1158 -1396.0000000000
1162 -1395.0000000000
1174 -1394.0000000000
1175 -1393.0000000000
1181 -1392.0000000000
1185 -1391.0000000000
1186 -1390.0000000000
1187 -1389.0000000000
1189 -1388.0000000000
1190 -1387.0000000000
1192 -1386.0000000000
1193 -1385.0000000000
1194 -1384.0000000000
1195 -1383.0000000000
1196 -1382.0000000000
1198 -1381.0000000000
1202 -1380.0000000000
1204 -1379.0000000000
1206 -1378.0000000000
1207 -1377.0000000000
1211 -1376.0000000000
1212 -1375.0000000000
1213 -1374.0000000000
1215 -1373.0000000000
1216 -1372.0000000000
1217 -1371.0000000000
1220 -1370.0000000000
1221 -1369.0000000000
1222 -1368.0000000000
1223 -1367.0000000000
1225 -1366.0000000000
1229 -1365.0000000000
1238 -1364.0000000000
1241 -1363.0000000000
1245 -1362.0000000000
1246 -1361.0000000000
1248 -1360.0000000000
1249 -1359.0000000000
1250 -1358.0000000000
1253 -1357.0000000000
1254 -1356.0000000000
1255 -1355.0000000000
1257 -1354.0000000000
1261 -1353.0000000000
1263 -1352.0000000000
1268 -1351.0000000000
1269 -1350.0000000000
1271 -1349.0000000000
1272 -1348.0000000000
1274 -1347.0000000000
1284 -1346.0000000000
1286 -1345.0000000000
1288 -1344.0000000000
1292 -1343.0000000000
1294 -1342.0000000000
1306 -1341.0000000000
1307 -1340.0000000000
1310 -1339.0000000000
1311 -1338.0000000000
1314 -1337.0000000000
1317 -1336.0000000000
1318 -1335.0000000000
1323 -1334.0000000000
1324 -1333.0000000000
1328 -1332.0000000000
1330 -1331.0000000000
1331 -1330.0000000000
1333 -1329.0000000000
1340 -1328.0000000000
1342 -1327.0000000000
1343 -1326.0000000000
1344 -1325.0000000000
1345 -1324.0000000000
1349 -1323.0000000000
1351 -1322.0000000000
1356 -1321.0000000000
1365 -1320.0000000000
1367 -1319.0000000000
1368 -1318.0000000000
1371 -1317.0000000000
1384 -1316.0000000000
1385 -1315.0000000000
1387 -1314.0000000000
1390 -1313.0000000000
1391 -1312.0000000000
1395 -1311.0000000000
1399 -1310.0000000000
1401 -1309.0000000000
1402 -1308.0000000000
1403 -1307.0000000000
1405 -1306.0000000000
1407 -1305.0000000000
1410 -1304.0000000000
1411 -1303.0000000000
1412 -1302.0000000000
1415 -1301.0000000000
1421 -1300.0000000000
1422 -1299.0000000000
1426 -1298.0000000000
1428 -1297.0000000000
1432 -1296.0000000000
1434 -1295.0000000000
1439 -1294.0000000000
1444 -1293.0000000000
1445 -1292.0000000000
1451 -1291.0000000000
1453 -1290.0000000000
1457 -1289.0000000000
1461 -1288.0000000000
1462 -1287.0000000000
1463 -1286.0000000000
1467 -1285.0000000000
1468 -1284.0000000000
1473 -1283.0000000000
1475 -1282.0000000000
1476 -1281.0000000000
1477 -1280.0000000000
1478 -1279.0000000000
1479 -1278.0000000000
1482 -1277.0000000000
1487 -1276.0000000000
1491 -1275.0000000000
1492 -1274.0000000000
1493 -1273.0000000000
1496 -1272.0000000000
1499 -1271.0000000000
1502 -1270.0000000000
1507 -1269.0000000000
1508 -1268.0000000000
1517 -1267.0000000000
1518 -1266.0000000000
1520 -1265.0000000000
1521 -1264.0000000000
1523 -1263.0000000000
1539 -1262.0000000000
1544 -1261.0000000000
1545 -1260.0000000000
1547 -1259.0000000000
1551 -1258.0000000000
1552 -1257.0000000000
1553 -1256.0000000000
1554 -1255.0000000000
1564 -1254.0000000000
1567 -1253.0000000000
1577 -1252.0000000000
1581 -1251.0000000000
1584 -1250.0000000000
1592 -1249.0000000000
1593 -1248.0000000000
1594 -1247.0000000000
1596 -1246.0000000000
1597 -1245.0000000000
1601 -1244.0000000000
1605 -1243.0000000000
1608 -1242.0000000000
1611 -1241.0000000000
1613 -1240.0000000000
1619 -1239.0000000000
1622 -1238.0000000000
1623 -1237.0000000000
1634 -1236.0000000000
1636 -1235.0000000000
1640 -1234.0000000000
1643 -1233.0000000000
1648 -1232.0000000000
1650 -1231.0000000000
1652 -1230.0000000000
1654 -1229.0000000000
1659 -1228.0000000000
1661 -1227.0000000000
1663 -1226.0000000000
1666 -1225.0000000000
1667 -1224.0000000000
1669 -1223.0000000000
1677 -1222.0000000000
1681 -1221.0000000000
1685 -1220.0000000000
1690 -1219.0000000000
1693 -1218.0000000000
1696 -1217.0000000000
1698 -1216.0000000000
1702 -1215.0000000000
1703 -1214.0000000000
1706 -1213.0000000000
1707 -1212.0000000000
1720 -1211.0000000000
1721 -1210.0000000000
1722 -1209.0000000000
1724 -1208.0000000000
1726 -1207.0000000000
1728 -1206.0000000000
1731 -1205.0000000000
1733 -1204.0000000000
1739 -1203.0000000000
1742 -1202.0000000000
1744 -1201.0000000000
1745 -1200.0000000000
1746 -1199.0000000000
1753 -1198.0000000000
1754 -1197.0000000000
1755 -1196.0000000000
1756 -1195.0000000000
1764 -1194.0000000000
1767 -1193.0000000000
1769 -1192.0000000000
1776 -1191.0000000000
1778 -1190.0000000000
1780 -1189.0000000000
1785 -1188.0000000000
1788 -1187.0000000000
1790 -1186.0000000000
1791 -1185.0000000000
1793 -1184.0000000000
1794 -1183.0000000000
1795 -1182.0000000000
1796 -1181.0000000000
1797 -1180.0000000000
1798 -1179.0000000000
1799 -1178.0000000000
1805 -1177.0000000000
1807 -1176.0000000000
1809 -1175.0000000000
1811 -1174.0000000000
1813 -1173.0000000000
1814 -1172.0000000000
1815 -1171.0000000000
1816 -1170.0000000000
1820 -1169.0000000000
1826 -1168.0000000000
1827 -1167.0000000000
1831 -1166.0000000000
1832 -1165.0000000000
1834 -1164.0000000000
1838 -1163.0000000000
1839 -1162.0000000000
1841 -1161.0000000000
1843 -1160.0000000000
1844 -1159.0000000000
1846 -1158.0000000000
1849 -1157.0000000000
1851 -1156.0000000000
1858 -1155.0000000000
1859 -1154.0000000000
1862 -1153.0000000000
1867 -1152.0000000000
1868 -1151.0000000000
1870 -1150.0000000000
1873 -1149.0000000000
1885 -1148.0000000000
1887 -1147.0000000000
1889 -1146.0000000000
1890 -1145.0000000000
1892 -1144.0000000000
1894 -1143.0000000000
1901 -1142.0000000000
1904 -1141.0000000000
1905 -1140.0000000000
1907 -1139.0000000000
1910 -1138.0000000000
1912 -1137.0000000000
1917 -1136.0000000000
1921 -1135.0000000000
1923 -1134.0000000000
1924 -1133.0000000000
1928 -1132.0000000000
1933 -1131.0000000000
1936 -1130.0000000000
1937 -1129.0000000000
1938 -1128.0000000000
1941 -1127.0000000000
1943 -1126.0000000000
1945 -1125.0000000000
1950 -1124.0000000000
1957 -1123.0000000000
1958 -1122.0000000000
1960 -1121.0000000000
1961 -1120.0000000000
1965 -1119.0000000000
1973 -1118.0000000000
1978 -1117.0000000000
1984 -1116.0000000000
1987 -1115.0000000000
1989 -1114.0000000000
1993 -1113.0000000000
1995 -1112.0000000000
2003 -1111.0000000000
2004 -1110.0000000000
2006 -1109.0000000000
2007 -1108.0000000000
2008 -1107.0000000000
2011 -1106.0000000000
2014 -1105.0000000000
2015 -1104.0000000000
2019 -1103.0000000000
2022 -1102.0000000000
2023 -1101.0000000000
2025 -1100.0000000000
2031 -1099.0000000000
2036 -1098.0000000000
2040 -1097.0000000000
2042 -1096.0000000000
2043 -1095.0000000000
2051 -1094.0000000000
2053 -1093.0000000000
2055 -1092.0000000000
2061 -1091.0000000000
2064 -1090.0000000000
2066 -1089.0000000000
2073 -1088.0000000000
2077 -1087.0000000000
2082 -1086.0000000000
2086 -1085.0000000000
2093 -1084.0000000000
2095 -1083.0000000000
2097 -1082.0000000000
2098 -1081.0000000000
2099 -1080.0000000000
2100 -1079.0000000000
2104 -1078.0000000000
2127 -1077.0000000000
2135 -1076.0000000000
2146 -1075.0000000000
2149 -1074.0000000000
2155 -1073.0000000000
2159 -1072.0000000000
2166 -1071.0000000000
2168 -1070.0000000000
2173 -1069.0000000000
2177 -1068.0000000000
2185 -1067.0000000000
2189 -1066.0000000000
2191 -1065.0000000000
2196 -1064.0000000000
2197 -1063.0000000000
2202 -1062.0000000000
2208 -1061.0000000000
2210 -1060.0000000000
2213 -1059.0000000000
2216 -1058.0000000000
2218 -1057.0000000000
2219 -1056.0000000000
2221 -1055.0000000000
2223 -1054.0000000000
2229 -1053.0000000000
2231 -1052.0000000000
2232 -1051.0000000000
2235 -1050.0000000000
2239 -1049.0000000000
2248 -1048.0000000000
2249 -1047.0000000000
2250 -1046.0000000000
2251 -1045.0000000000
2260 -1044.0000000000
2263 -1043.0000000000
2269 -1042.0000000000
2271 -1041.0000000000
2273 -1040.0000000000
2276 -1039.0000000000
2279 -1038.0000000000
2284 -1037.0000000000
2293 -1036.0000000000
2297 -1035.0000000000
2300 -1034.0000000000
2304 -1033.0000000000
2308 -1032.0000000000
2309 -1031.0000000000
2312 -1030.0000000000
2314 -1029.0000000000
2319 -1028.0000000000
2322 -1027.0000000000
2323 -1026.0000000000
2326 -1025.0000000000
2335 -1024.0000000000
2340 -1023.0000000000
2343 -1022.0000000000
2349 -1021.0000000000
2353 -1020.0000000000
2354 -1019.0000000000
2355 -1018.0000000000
2357 -1017.0000000000
2358 -1016.0000000000
2360 -1015.0000000000
2363 -1014.0000000000
2365 -1013.0000000000
2367 -1012.0000000000
2372 -1011.0000000000
2376 -1010.0000000000
2379 -1009.0000000000
2385 -1008.0000000000
2386 -1007.0000000000
2389 -1006.0000000000
2393 -1005.0000000000
2401 -1004.0000000000
2402 -1003.0000000000
2408 -1002.0000000000
2410 -1001.0000000000
2414 -1000.0000000000
2419 -999.0000000000
2426 -998.0000000000
2430 -997.0000000000
2434 -996.0000000000
2436 -995.0000000000
2437 -994.0000000000
2441 -993.0000000000
2444 -992.0000000000
2447 -991.0000000000
2453 -990.0000000000
2455 -989.0000000000
2457 -988.0000000000
2458 -987.0000000000
2459 -986.0000000000
2465 -985.0000000000
2466 -984.0000000000
2475 -983.0000000000
2480 -982.0000000000
2482 -981.0000000000
2484 -980.0000000000
2486 -979.0000000000
2487 -978.0000000000
2490 -977.0000000000
2491 -976.0000000000
2492 -975.0000000000
2493 -974.0000000000
2497 -973.0000000000
2500 -972.0000000000
2509 -971.0000000000
2510 -970.0000000000
2511 -969.0000000000
2512 -968.0000000000
2514 -967.0000000000
2522 -966.0000000000
2534 -965.0000000000
2535 -964.0000000000
2541 -963.0000000000
2543 -962.0000000000
2545 -961.0000000000
2547 -960.0000000000
2548 -959.0000000000
2556 -958.0000000000
2569 -957.0000000000
2584 -956.0000000000
2601 -955.0000000000
2602 -954.0000000000
2604 -953.0000000000
2608 -952.0000000000
2609 -951.0000000000
2610 -950.0000000000
2614 -949.0000000000
2615 -948.0000000000
2619 -947.0000000000
2626 -946.0000000000
2634 -945.0000000000
2636 -944.0000000000
2646 -943.0000000000
2655 -942.0000000000
2657 -941.0000000000
2660 -940.0000000000
2664 -939.0000000000
2665 -938.0000000000
2670 -937.0000000000
2674 -936.0000000000
2677 -935.0000000000
2678 -934.0000000000
2679 -933.0000000000
2686 -932.0000000000
2693 -931.0000000000
2694 -930.0000000000
2695 -929.0000000000
2702 -928.0000000000
2703 -927.0000000000
2705 -926.0000000000
2708 -925.0000000000
2714 -924.0000000000
2729 -923.0000000000
2735 -922.0000000000
2742 -921.0000000000
2744 -920.0000000000
2747 -919.0000000000
2757 -918.0000000000
2764 -917.0000000000
2773 -916.0000000000
2777 -915.0000000000
2778 -914.0000000000
2780 -913.0000000000
2781 -912.0000000000
2790 -911.0000000000
2792 -910.0000000000
2794 -909.0000000000
2797 -908.0000000000
2798 -907.0000000000
2802 -906.0000000000
2813 -905.0000000000
2817 -904.0000000000
2819 -903.0000000000
2824 -902.0000000000
2828 -901.0000000000
2829 -900.0000000000
2833 -899.0000000000
2836 -898.0000000000
2840 -897.0000000000
2841 -896.0000000000
2845 -895.0000000000
2848 -894.0000000000
2865 -893.0000000000
2866 -892.0000000000
2871 -891.0000000000
2877 -890.0000000000
2879 -889.0000000000
2882 -888.0000000000
2885 -887.0000000000
2892 -886.0000000000
2894 -885.0000000000
2895 -884.0000000000
2896 -883.0000000000
2899 -882.0000000000
2903 -881.0000000000
2906 -880.0000000000
2910 -879.0000000000
2917 -878.0000000000
2920 -877.0000000000
2934 -876.0000000000
2936 -875.0000000000
2940 -874.0000000000
2943 -873.0000000000
2948 -872.0000000000
2954 -871.0000000000
2968 -870.0000000000
2970 -869.0000000000
2971 -868.0000000000
2972 -867.0000000000
2975 -866.0000000000
2980 -865.0000000000
2987 -864.0000000000
2988 -863.0000000000
2998 -862.0000000000
3000 -861.0000000000
3005 -860.0000000000
3007 -859.0000000000
3010 -858.0000000000
3011 -857.0000000000
3020 -856.0000000000
3025 -855.0000000000
3034 -854.0000000000
3039 -853.0000000000
3043 -852.0000000000
3052 -851.0000000000
3058 -850.0000000000
3060 -849.0000000000
3061 -848.0000000000
3062 -847.0000000000
3065 -846.0000000000
3075 -845.0000000000
3090 -844.0000000000
3097 -843.0000000000
3106 -842.0000000000
3108 -841.0000000000
3113 -840.0000000000
3114 -839.0000000000
3116 -838.0000000000
3117 -837.0000000000
3120 -836.0000000000
3123 -835.0000000000
3127 -834.0000000000
3135 -833.0000000000
3153 -832.0000000000
3155 -831.0000000000
3156 -830.0000000000
3162 -829.0000000000
3168 -828.0000000000
3174 -827.0000000000
3178 -826.0000000000
3190 -825.0000000000
3193 -824.0000000000
3194 -823.0000000000
3197 -822.0000000000
3217 -821.0000000000
3221 -820.0000000000
3225 -819.0000000000
3228 -818.0000000000
3230 -817.0000000000
3232 -816.0000000000
3236 -815.0000000000
3246 -814.0000000000
3247 -813.0000000000
3248 -812.0000000000
3266 -811.0000000000
3273 -810.0000000000
3279 -809.0000000000
3292 -808.0000000000
3296 -807.0000000000
3299 -806.0000000000
3308 -805.0000000000
3312 -804.0000000000
3314 -803.0000000000
3315 -802.0000000000
3319 -801.0000000000
3321 -800.0000000000
3322 -799.0000000000
3325 -798.0000000000
3327 -797.0000000000
3329 -796.0000000000
3330 -795.0000000000
3331 -794.0000000000
3332 -793.0000000000
3337 -792.0000000000
3338 -791.0000000000
3348 -790.0000000000
3350 -789.0000000000
3352 -788.0000000000
3354 -787.0000000000
3356 -786.0000000000
3361 -785.0000000000
3364 -784.0000000000
3366 -783.0000000000
3367 -782.0000000000
3373 -781.0000000000
3374 -780.0000000000
3378 -779.0000000000
3384 -778.0000000000
3390 -777.0000000000
3411 -776.0000000000
3414 -775.0000000000
3417 -774.0000000000
3418 -773.0000000000
3421 -772.0000000000
3422 -771.0000000000
3423 -770.0000000000
3424 -769.0000000000
3425 -768.0000000000
3428 -767.0000000000
3430 -766.0000000000
3433 -765.0000000000
3437 -764.0000000000
3441 -763.0000000000
3456 -762.0000000000
3459 -761.0000000000
3481 -760.0000000000
3486 -759.0000000000
3487 -758.0000000000
3499 -757.0000000000
3505 -756.0000000000
3506 -755.0000000000
3508 -754.0000000000
3510 -753.0000000000
3522 -752.0000000000
3525 -751.0000000000
3528 -750.0000000000
3536 -749.0000000000
3548 -748.0000000000
3555 -747.0000000000
3564 -746.0000000000
3566 -745.0000000000
3568 -744.0000000000
3574 -743.0000000000
3576 -742.0000000000
3584 -741.0000000000
3586 -740.0000000000
3588 -739.0000000000
3599 -738.0000000000
3603 -737.0000000000
3605 -736.0000000000
3619 -735.0000000000
3623 -734.0000000000
3626 -733.0000000000
3634 -732.0000000000
3635 -731.0000000000
3643 -730.0000000000
3651 -729.0000000000
3654 -728.0000000000
3659 -727.0000000000
3671 -726.0000000000
3673 -725.0000000000
3675 -724.0000000000
3679 -723.0000000000
3685 -722.0000000000
3687 -721.0000000000
3693 -720.0000000000
3694 -719.0000000000
3708 -718.0000000000
3710 -717.0000000000
3722 -716.0000000000
3729 -715.0000000000
3733 -714.0000000000
3734 -713.0000000000
3735 -712.0000000000
3738 -711.0000000000
3741 -710.0000000000
3749 -709.0000000000
3753 -708.0000000000
3754 -707.0000000000
3756 -706.0000000000
3759 -705.0000000000
3761 -704.0000000000
3768 -703.0000000000
3771 -702.0000000000
3773 -701.0000000000
3774 -700.0000000000
3777 -699.0000000000
3782 -698.0000000000
3791 -697.0000000000
3795 -696.0000000000
3797 -695.0000000000
3801 -694.0000000000
3803 -693.0000000000
3804 -692.0000000000
3805 -691.0000000000
3815 -690.0000000000
3821 -689.0000000000
3830 -688.0000000000
3831 -687.0000000000
3834 -686.0000000000
3836 -685.0000000000
3842 -684.0000000000
3861 -683.0000000000
3863 -682.0000000000
3864 -681.0000000000
3866 -680.0000000000
3868 -679.0000000000
3876 -678.0000000000
3878 -677.0000000000
3884 -676.0000000000
3889 -675.0000000000
3908 -674.0000000000
3910 -673.0000000000
3915 -672.0000000000
3917 -671.0000000000
3925 -670.0000000000
3931 -669.0000000000
3932 -668.0000000000
3935 -667.0000000000
3936 -666.0000000000
3937 -665.0000000000
3951 -664.0000000000
3957 -663.0000000000
3966 -662.0000000000
3971 -661.0000000000
3972 -660.0000000000
3974 -659.0000000000
3976 -658.0000000000
3981 -657.0000000000
3990 -656.0000000000
3997 -655.0000000000
4003 -654.0000000000
4004 -653.0000000000
4007 -652.0000000000
4013 -651.0000000000
4015 -650.0000000000
4018 -649.0000000000
4024 -648.0000000000
4026 -647.0000000000
4040 -646.0000000000
4059 -645.0000000000
4060 -644.0000000000
4061 -643.0000000000
4070 -642.0000000000
4076 -641.0000000000
4078 -640.0000000000
4079 -639.0000000000
4081 -638.0000000000
4082 -637.0000000000
4083 -636.0000000000
4087 -635.0000000000
4089 -634.0000000000
4091 -633.0000000000
4094 -632.0000000000
4095 -631.0000000000
4101 -630.0000000000
4104 -629.0000000000
4107 -628.0000000000
4110 -627.0000000000
4120 -626.0000000000
4135 -625.0000000000
4137 -624.0000000000
4138 -623.0000000000
4143 -622.0000000000
4144 -621.0000000000
4150 -620.0000000000
4152 -619.0000000000
4159 -618.0000000000
4160 -617.0000000000
4180 -616.0000000000
4183 -615.0000000000
4187 -614.0000000000
4193 -613.0000000000
4194 -612.0000000000
4201 -611.0000000000
4203 -610.0000000000
4204 -609.0000000000
4210 -608.0000000000
4217 -607.0000000000
4218 -606.0000000000
4221 -605.0000000000
4226 -604.0000000000
4230 -603.0000000000
4233 -602.0000000000
4237 -601.0000000000
4241 -600.0000000000
4246 -599.0000000000
4257 -598.0000000000
4260 -597.0000000000
4262 -596.0000000000
4276 -595.0000000000
4279 -594.0000000000
4280 -593.0000000000
4281 -592.0000000000
4283 -591.0000000000
4286 -590.0000000000
4292 -589.0000000000
4293 -588.0000000000
4294 -587.0000000000
4295 -586.0000000000
4296 -585.0000000000
4301 -584.0000000000
4306 -583.0000000000
4318 -582.0000000000
4320 -581.0000000000
4321 -580.0000000000
4324 -579.0000000000
4327 -578.0000000000
4330 -577.0000000000
4331 -576.0000000000
4342 -575.0000000000
4353 -574.0000000000
4366 -573.0000000000
4377 -572.0000000000
4388 -571.0000000000
4389 -570.0000000000
4403 -569.0000000000
4407 -568.0000000000
4414 -567.0000000000
4433 -566.0000000000
4435 -565.0000000000
4437 -564.0000000000
4448 -563.0000000000
4456 -562.0000000000
4458 -561.0000000000
4463 -560.0000000000
4466 -559.0000000000
4469 -558.0000000000
4480 -557.0000000000
4486 -556.0000000000
4487 -555.0000000000
4499 -554.0000000000
4504 -553.0000000000
4513 -552.0000000000
4515 -551.0000000000
4526 -550.0000000000
4528 -549.0000000000
4529 -548.0000000000
4536 -547.0000000000
4549 -546.0000000000
4550 -545.0000000000
4552 -544.0000000000
4554 -543.0000000000
4557 -542.0000000000
4569 -541.0000000000
4577 -540.0000000000
4583 -539.0000000000
4584 -538.0000000000
4587 -537.0000000000
4595 -536.0000000000
4607 -535.0000000000
4612 -534.0000000000
4613 -533.0000000000
4621 -532.0000000000
4635 -531.0000000000
4659 -530.0000000000
4665 -529.0000000000
4667 -528.0000000000
4682 -527.0000000000
4684 -526.0000000000
4692 -525.0000000000
4693 -524.0000000000
4707 -523.0000000000
4711 -522.0000000000
4712 -521.0000000000
4717 -520.0000000000
4733 -519.0000000000
4736 -518.0000000000
4740 -517.0000000000
4741 -516.0000000000
4752 -515.0000000000
4756 -514.0000000000
4764 -513.0000000000
4768 -512.0000000000
4769 -511.0000000000
4770 -510.0000000000
4778 -509.0000000000
4780 -508.0000000000
4786 -507.0000000000
4792 -506.0000000000
4801 -505.0000000000
4811 -504.0000000000
4828 -503.0000000000
4833 -502.0000000000
4837 -501.0000000000
4856 -500.0000000000
4864 -499.0000000000
4866 -498.0000000000
4879 -497.0000000000
4893 -496.0000000000
4896 -495.0000000000
4902 -494.0000000000
4904 -493.0000000000
4913 -492.0000000000
4922 -491.0000000000
4931 -490.0000000000
4933 -489.0000000000
4935 -488.0000000000
4942 -487.0000000000
4958 -486.0000000000
4969 -485.0000000000
4971 -484.0000000000
4975 -483.0000000000
4981 -482.0000000000
4983 -481.0000000000
4988 -480.0000000000
4992 -479.0000000000
5010 -478.0000000000
5016 -477.0000000000
5020 -476.0000000000
5028 -475.0000000000
5034 -474.0000000000
5038 -473.0000000000
5046 -472.0000000000
5071 -471.0000000000
5073 -470.0000000000
5074 -469.0000000000
5076 -468.0000000000
5079 -467.0000000000
5088 -466.0000000000
5093 -465.0000000000
5111 -464.0000000000
5112 -463.0000000000
5113 -462.0000000000
5144 -461.0000000000
5146 -460.0000000000
5148 -459.0000000000
5149 -458.0000000000
5152 -457.0000000000
5154 -456.0000000000
5159 -455.0000000000
5169 -454.0000000000
5170 -453.0000000000
5172 -452.0000000000
5173 -451.0000000000
5174 -450.0000000000
5175 -449.0000000000
5184 -448.0000000000
5189 -447.0000000000
5203 -446.0000000000
5205 -445.0000000000
5214 -444.0000000000
5221 -443.0000000000
5259 -442.0000000000
5261 -441.0000000000
5263 -440.0000000000
5269 -439.0000000000
5279 -438.0000000000
5282 -437.0000000000
5289 -436.0000000000
5293 -435.0000000000
5295 -434.0000000000
5301 -433.0000000000
5303 -432.0000000000
5309 -431.0000000000
5310 -430.0000000000
5312 -429.0000000000
5313 -428.0000000000
5315 -427.0000000000
5318 -426.0000000000
5324 -425.0000000000
5329 -424.0000000000
5339 -423.0000000000
5356 -422.0000000000
5361 -421.0000000000
5363 -420.0000000000
5381 -419.0000000000
5382 -418.0000000000
5384 -417.0000000000
5392 -416.0000000000
5395 -415.0000000000
5396 -414.0000000000
5408 -413.0000000000
5434 -412.0000000000
5436 -411.0000000000
5441 -410.0000000000
5447 -409.0000000000
5449 -408.0000000000
5458 -407.0000000000
5463 -406.0000000000
5466 -405.0000000000
5467 -404.0000000000
5468 -403.0000000000
5481 -402.0000000000
5483 -401.0000000000
5484 -400.0000000000
5487 -399.0000000000
5491 -398.0000000000
5495 -397.0000000000
5496 -396.0000000000
5504 -395.0000000000
5507 -394.0000000000
5543 -393.0000000000
5548 -392.0000000000
5549 -391.0000000000
5560 -390.0000000000
5577 -389.0000000000
5587 -388.0000000000
5597 -387.0000000000
5615 -386.0000000000
5618 -385.0000000000
5619 -384.0000000000
5670 -383.0000000000
5692 -382.0000000000
5698 -381.0000000000
5710 -380.0000000000
5726 -379.0000000000
5731 -378.0000000000
5735 -377.0000000000
5746 -376.0000000000
5751 -375.0000000000
5761 -374.0000000000
5770 -373.0000000000
5777 -372.0000000000
5780 -371.0000000000
5804 -370.0000000000
5805 -369.0000000000
5811 -368.0000000000
5831 -367.0000000000
5835 -366.0000000000
5838 -365.0000000000
5841 -364.0000000000
5842 -363.0000000000
5863 -362.0000000000
5865 -361.0000000000
5867 -360.0000000000
5880 -359.0000000000
5888 -358.0000000000
5893 -357.0000000000
5901 -356.0000000000
5928 -355.0000000000
5937 -354.0000000000
5938 -353.0000000000
5939 -352.0000000000
5957 -351.0000000000
5963 -350.0000000000
5976 -349.0000000000
5996 -348.0000000000
6010 -347.0000000000
6014 -346.0000000000
6019 -345.0000000000
6020 -344.0000000000
6025 -343.0000000000
6040 -342.0000000000
6080 -341.0000000000
6081 -340.0000000000
6091 -339.0000000000
6097 -338.0000000000
6104 -337.0000000000
6108 -336.0000000000
6136 -335.0000000000
6142 -334.0000000000
6144 -333.0000000000
6151 -332.0000000000
6156 -331.0000000000
6161 -330.0000000000
6164 -329.0000000000
6168 -328.0000000000
6175 -327.0000000000
6178 -326.0000000000
6187 -325.0000000000
6191 -324.0000000000
6215 -323.0000000000
6218 -322.0000000000
6224 -321.0000000000
6236 -320.0000000000
6242 -319.0000000000
6271 -318.0000000000
6277 -317.0000000000
6283 -316.0000000000
6290 -315.0000000000
6291 -314.0000000000
6305 -313.0000000000
6307 -312.0000000000
6325 -311.0000000000
6327 -310.0000000000
6336 -309.0000000000
6355 -308.0000000000
6370 -307.0000000000
6377 -306.0000000000
6397 -305.0000000000
6403 -304.0000000000
6409 -303.0000000000
6424 -302.0000000000
6429 -301.0000000000
6442 -300.0000000000
6449 -299.0000000000
6452 -298.0000000000
6454 -297.0000000000
6462 -296.0000000000
6463 -295.0000000000
6470 -294.0000000000
6485 -293.0000000000
6529 -292.0000000000
6535 -291.0000000000
6541 -290.0000000000
6553 -289.0000000000
6558 -288.0000000000
6594 -287.0000000000
6596 -286.0000000000
6651 -285.0000000000
6663 -284.0000000000
6664 -283.0000000000
6679 -282.0000000000
6696 -281.0000000000
6723 -280.0000000000
6730 -279.0000000000
6781 -278.0000000000
6808 -277.0000000000
6826 -276.0000000000
6828 -275.0000000000
6836 -274.0000000000
6872 -273.0000000000
6886 -272.0000000000
6898 -271.0000000000
6936 -270.0000000000
6940 -269.0000000000
6945 -268.0000000000
6957 -267.0000000000
6979 -266.0000000000
6996 -265.0000000000
7004 -264.0000000000
7010 -263.0000000000
7017 -262.0000000000
7026 -261.0000000000
7038 -260.0000000000
7041 -259.0000000000
7042 -258.0000000000
7045 -257.0000000000
7047 -256.0000000000
7055 -255.0000000000
7063 -254.0000000000
7100 -253.0000000000
7115 -252.0000000000
7120 -251.0000000000
7132 -250.0000000000
7139 -249.0000000000
7149 -248.0000000000
7150 -247.0000000000
7158 -246.0000000000
7160 -245.0000000000
7168 -244.0000000000
7197 -243.0000000000
7203 -242.0000000000
7205 -241.0000000000
7216 -240.0000000000
7230 -239.0000000000
7232 -238.0000000000
7240 -237.0000000000
7248 -236.0000000000
7253 -235.0000000000
7255 -234.0000000000
7259 -233.0000000000
7267 -232.0000000000
7269 -231.0000000000
7272 -230.0000000000
7283 -229.0000000000
7287 -228.0000000000
7300 -227.0000000000
7310 -226.0000000000
7311 -225.0000000000
7343 -224.0000000000
7352 -223.0000000000
7367 -222.0000000000
7369 -221.0000000000
7373 -220.0000000000
7389 -219.0000000000
7392 -218.0000000000
7393 -217.0000000000
7400 -216.0000000000
7410 -215.0000000000
7412 -214.0000000000
7424 -213.0000000000
7425 -212.0000000000
7432 -211.0000000000
7433 -210.0000000000
7464 -209.0000000000
7475 -208.0000000000
7484 -207.0000000000
7499 -206.0000000000
7505 -205.0000000000
7506 -204.0000000000
7517 -203.0000000000
7528 -202.0000000000
7530 -201.0000000000
7556 -200.0000000000
7580 -199.0000000000
7586 -198.0000000000
7618 -197.0000000000
7697 -196.0000000000
7700 -195.0000000000
7712 -194.0000000000
7718 -193.0000000000
7720 -192.0000000000
7724 -191.0000000000
7725 -190.0000000000
7734 -189.0000000000
7764 -188.0000000000
7785 -187.0000000000
7788 -186.0000000000
7823 -185.0000000000
7824 -184.0000000000
7826 -183.0000000000
7839 -182.0000000000
7902 -181.0000000000
7911 -180.0000000000
7913 -179.0000000000
7921 -178.0000000000
7922 -177.0000000000
7941 -176.0000000000
7959 -175.0000000000
7971 -174.0000000000
7985 -173.0000000000
7998 -172.0000000000
8003 -171.0000000000
8012 -170.0000000000
8018 -169.0000000000
8050 -168.0000000000
8058 -167.0000000000
8093 -166.0000000000
8096 -165.0000000000
8097 -164.0000000000
8101 -163.0000000000
8104 -162.0000000000
8113 -161.0000000000
8119 -160.0000000000
8151 -159.0000000000
8159 -158.0000000000
8209 -157.0000000000
8212 -156.0000000000
8216 -155.0000000000
8229 -154.0000000000
8233 -153.0000000000
8236 -152.0000000000
8241 -151.0000000000
8261 -150.0000000000
8269 -149.0000000000
8283 -148.0000000000
8338 -147.0000000000
8343 -146.0000000000
8344 -145.0000000000
8353 -144.0000000000
8381 -143.0000000000
8392 -142.0000000000
8413 -141.0000000000
8445 -140.0000000000
8450 -139.0000000000
8454 -138.0000000000
8459 -137.0000000000
8461 -136.0000000000
8467 -135.0000000000
8472 -134.0000000000
8473 -133.0000000000
8491 -132.0000000000
8500 -131.0000000000
8541 -130.0000000000
8546 -129.0000000000
8594 -128.0000000000
8595 -127.0000000000
8598 -126.0000000000
8603 -125.0000000000
8608 -124.0000000000
8618 -123.0000000000
8644 -122.0000000000
8743 -121.0000000000
8765 -120.0000000000
8782 -119.0000000000
8792 -118.0000000000
8837 -117.0000000000
8843 -116.0000000000
8849 -115.0000000000
8852 -114.0000000000
8859 -113.0000000000
8873 -112.0000000000
8886 -111.0000000000
8889 -110.0000000000
8921 -109.0000000000
8948 -108.0000000000
8952 -107.0000000000
8995 -106.0000000000
9035 -105.0000000000
9045 -104.0000000000
9060 -103.0000000000
9099 -102.0000000000
9103 -101.0000000000
9124 -100.0000000000
9147 -99.0000000000
9158 -98.0000000000
9173 -97.0000000000
9207 -96.0000000000
9220 -95.0000000000
9258 -94.0000000000
9269 -93.0000000000
9287 -92.0000000000
9299 -91.0000000000
9336 -90.0000000000
9393 -89.0000000000
9394 -88.0000000000
9400 -87.0000000000
9436 -86.0000000000
9527 -85.0000000000
9545 -84.0000000000
9546 -83.0000000000
9577 -82.0000000000
9579 -81.0000000000
9616 -80.0000000000
9624 -79.0000000000
9650 -78.0000000000
9675 -77.0000000000
9680 -76.0000000000
9693 -75.0000000000
9713 -74.0000000000
9717 -73.0000000000
9719 -72.0000000000
9738 -71.0000000000
9771 -70.0000000000
9774 -69.0000000000
9790 -68.0000000000
9826 -67.0000000000
9862 -66.0000000000
9904 -65.0000000000
9913 -64.0000000000
9926 -63.0000000000
9950 -62.0000000000
9972 -61.0000000000
9991 -60.0000000000
9997 -59.0000000000
10054 -58.0000000000
10087 -57.0000000000
10091 -56.0000000000
10095 -55.0000000000
10102 -54.0000000000
10118 -53.0000000000
10161 -52.0000000000
10173 -51.0000000000
10244 -50.0000000000
10257 -49.0000000000
10267 -48.0000000000
10296 -47.0000000000
10330 -46.0000000000
10435 -45.0000000000
10571 -44.0000000000
10577 -43.0000000000
10581 -42.0000000000
10595 -41.0000000000
10598 -40.0000000000
10606 -39.0000000000
10695 -38.0000000000
10719 -37.0000000000
10738 -36.0000000000
10749 -35.0000000000
10760 -34.0000000000
10779 -33.0000000000
10784 -32.0000000000
10791 -31.0000000000
10813 -30.0000000000
10828 -29.0000000000
10910 -28.0000000000
11027 -27.0000000000
11079 -26.0000000000
11114 -25.0000000000
11115 -24.0000000000
11135 -23.0000000000
11175 -22.0000000000
11189 -21.0000000000
11190 -20.0000000000
11247 -19.0000000000
11265 -18.0000000000
11410 -17.0000000000
11553 -16.0000000000
11581 -15.0000000000
11659 -14.0000000000
11661 -13.0000000000
11724 -12.0000000000
11795 -11.0000000000
11833 -10.0000000000
11879 -9.0000000000
11911 -8.0000000000
11943 -7.0000000000
11968 -6.0000000000
12059 -5.0000000000
12084 -4.0000000000
12104 -3.0000000000
12111 -2.0000000000
12155 -1.0000000000
12161 593.9000000000
12287 602.4800000000
12300 602.7100000000
12304 605.8300000000
12309 607.9500000000
13030 609.6200000000
13120 610.7900000000
40664 614.8600000000
40954 615.8100000000
46744 624.6200000000
47348 629.1300000000
100000 -1.0000000000
